numFrames 1287
numSkeletons 1
Skeleton0 7 
0 2.0944007 0 -3.7307912e-06 -1.2767092e-06 -4.2850625e-07 -1.5546587e-07 
Contacts 0

0 2.094412 0 -1.1147274e-05 -3.8461236e-06 -1.2893801e-06 -4.6649962e-07 
Contacts 0

0 2.0944288 0 -2.2204834e-05 -7.7238613e-06 -2.5865491e-06 -9.3322271e-07 
Contacts 0

0 2.0944512 0 -3.6859337e-05 -1.2925168e-05 -4.3240039e-06 -1.5557763e-06 
Contacts 0

0 2.0944792 0 -5.506712e-05 -1.9464923e-05 -6.5057965e-06 -2.3343217e-06 
Contacts 0

0 2.0945127 0 -7.6784991e-05 -2.7357645e-05 -9.136037e-06 -3.2690403e-06 
Contacts 0

0 2.0945516 0 -0.00010197022 -3.6617498e-05 -1.2218892e-05 -4.3601341e-06 
Contacts 0

0 2.094596 0 -0.00013058052 -4.7258298e-05 -1.5758581e-05 -5.607826e-06 
Contacts 0

0 2.0946459 0 -0.00016257407 -5.9293517e-05 -1.9759376e-05 -7.0123596e-06 
Contacts 0

0 2.0947012 0 -0.0001979095 -7.2736286e-05 -2.4225597e-05 -8.5739998e-06 
Contacts 0

0 2.0947619 0 -0.00023654585 -8.7599408e-05 -2.9161613e-05 -1.0293033e-05 
Contacts 0

0 2.094828 0 -0.00027844263 -0.00010389536 -3.4571834e-05 -1.2169767e-05 
Contacts 0

0 2.0948994 0 -0.00032355974 -0.00012163628 -4.0460718e-05 -1.4204531e-05 
Contacts 0

0 2.0949761 0 -0.00037185753 -0.00014083401 -4.6832758e-05 -1.6397676e-05 
Contacts 0

0 2.0950582 0 -0.00042329676 -0.00016150008 -5.369249e-05 -1.8749576e-05 
Contacts 0

0 2.0951456 0 -0.00047783861 -0.00018364569 -6.1044485e-05 -2.1260626e-05 
Contacts 0

0 2.0952382 0 -0.00053544465 -0.00020728177 -6.8893348e-05 -2.3931243e-05 
Contacts 0

0 2.095336 0 -0.00059607687 -0.00023241892 -7.7243718e-05 -2.6761868e-05 
Contacts 0

0 2.0954391 0 -0.00065969764 -0.00025906747 -8.6100265e-05 -2.9752961e-05 
Contacts 0

0 2.0955474 0 -0.00072626974 -0.00028723745 -9.5467688e-05 -3.2905008e-05 
Contacts 0

0 2.0956609 0 -0.00079575633 -0.00031693862 -0.00010535071 -3.6218515e-05 
Contacts 0

0 2.0957795 0 -0.00086812095 -0.00034818044 -0.00011575409 -3.9694013e-05 
Contacts 0

0 2.0959032 0 -0.00094332752 -0.00038097213 -0.00012668261 -4.3332052e-05 
Contacts 0

0 2.0960321 0 -0.0010213403 -0.00041532259 -0.00013814105 -4.7133208e-05 
Contacts 0

0 2.0961661 0 -0.0011021241 -0.00045124051 -0.00015013424 -5.1098078e-05 
Contacts 0

0 2.0963051 0 -0.0011856437 -0.00048873427 -0.00016266702 -5.5227282e-05 
Contacts 0

0 2.0964492 0 -0.0012718647 -0.00052781203 -0.00017574425 -5.9521462e-05 
Contacts 0

0 2.0965983 0 -0.0013607527 -0.00056848167 -0.00018937079 -6.3981284e-05 
Contacts 0

0 2.0967524 0 -0.0014522739 -0.00061075084 -0.00020355155 -6.8607434e-05 
Contacts 0

0 2.0969115 0 -0.0015463947 -0.00065462693 -0.00021829142 -7.3400624e-05 
Contacts 0

0 2.0970756 0 -0.0016430819 -0.0007001171 -0.0002335953 -7.8361586e-05 
Contacts 0

0 2.0972447 0 -0.0017423025 -0.00074722827 -0.00024946814 -8.3491075e-05 
Contacts 0

0 2.0974186 0 -0.0018440242 -0.00079596712 -0.00026591486 -8.878987e-05 
Contacts 0

0 2.0975975 0 -0.0019482145 -0.00084634011 -0.00028294041 -9.425877e-05 
Contacts 0

0 2.0977813 0 -0.0020548417 -0.00089835347 -0.00030054973 -9.9898598e-05 
Contacts 0

0 2.09797 0 -0.0021638741 -0.0009520132 -0.00031874778 -0.0001057102 
Contacts 0

0 2.0981635 0 -0.0022752806 -0.0010073251 -0.00033753952 -0.00011169444 
Contacts 0

0 2.0983618 0 -0.0023890301 -0.0010642947 -0.00035692992 -0.00011785221 
Contacts 0

0 2.098565 0 -0.0025050921 -0.0011229274 -0.00037692393 -0.00012418442 
Contacts 0

0 2.098773 0 -0.0026234362 -0.0011832284 -0.00039752652 -0.000130692 
Contacts 0

0 2.0989857 0 -0.0027440324 -0.0012452026 -0.00041874266 -0.00013737591 
Contacts 0

0 2.0992032 0 -0.002866851 -0.0013088547 -0.00044057732 -0.00014423713 
Contacts 0

0 2.0994255 0 -0.0029918626 -0.0013741892 -0.00046303546 -0.00015127664 
Contacts 0

0 2.0996524 0 -0.003119038 -0.0014412107 -0.00048612204 -0.00015849548 
Contacts 0

0 2.0998841 0 -0.0032483483 -0.0015099231 -0.00050984201 -0.00016589469 
Contacts 0

0 2.1001205 0 -0.0033797651 -0.0015803304 -0.00053420033 -0.00017347532 
Contacts 0

0 2.1003615 0 -0.00351326 -0.0016524366 -0.00055920195 -0.00018123846 
Contacts 0

0 2.1006072 0 -0.0036488051 -0.001726245 -0.00058485179 -0.00018918521 
Contacts 0

0 2.1008575 0 -0.0037863725 -0.0018017592 -0.0006111548 -0.00019731671 
Contacts 0

0 2.1011124 0 -0.0039259349 -0.0018789824 -0.00063811589 -0.00020563409 
Contacts 0

0 2.101372 0 -0.004067465 -0.0019579177 -0.00066573998 -0.00021413852 
Contacts 0

0 2.1016361 0 -0.004210936 -0.002038568 -0.00069403198 -0.0002228312 
Contacts 0

0 2.1019048 0 -0.0043563211 -0.0021209359 -0.00072299677 -0.00023171332 
Contacts 0

0 2.102178 0 -0.0045035939 -0.0022050241 -0.00075263924 -0.00024078612 
Contacts 0

0 2.1024558 0 -0.0046527284 -0.002290835 -0.00078296425 -0.00025005084 
Contacts 0

0 2.1027381 0 -0.0048036985 -0.0023783707 -0.00081397666 -0.00025950875 
Contacts 0

0 2.1030248 0 -0.0049564786 -0.0024676334 -0.00084568131 -0.00026916115 
Contacts 0

0 2.1033161 0 -0.0051110434 -0.002558625 -0.00087808303 -0.00027900932 
Contacts 0

0 2.1036118 0 -0.0052673676 -0.0026513472 -0.00091118663 -0.00028905461 
Contacts 0

0 2.103912 0 -0.0054254263 -0.0027458017 -0.0009449969 -0.00029929835 
Contacts 0

0 2.1042166 0 -0.0055851949 -0.0028419899 -0.00097951864 -0.00030974192 
Contacts 0

0 2.1045256 0 -0.0057466488 -0.0029399132 -0.0010147566 -0.00032038668 
Contacts 0

0 2.104839 0 -0.0059097639 -0.0030395727 -0.0010507155 -0.00033123406 
Contacts 0

0 2.1051567 0 -0.0060745161 -0.0031409694 -0.0010874001 -0.00034228545 
Contacts 0

0 2.1054789 0 -0.0062408818 -0.0032441044 -0.0011248151 -0.00035354232 
Contacts 0

0 2.1058054 0 -0.0064088372 -0.0033489782 -0.0011629652 -0.0003650061 
Contacts 0

0 2.1061362 0 -0.0065783591 -0.0034555916 -0.001201855 -0.00037667828 
Contacts 0

0 2.1064714 0 -0.0067494245 -0.0035639451 -0.0012414893 -0.00038856034 
Contacts 0

0 2.1068108 0 -0.0069220103 -0.0036740389 -0.0012818726 -0.0004006538 
Contacts 0

0 2.1071546 0 -0.0070960939 -0.0037858734 -0.0013230095 -0.00041296018 
Contacts 0

0 2.1075026 0 -0.0072716528 -0.0038994486 -0.0013649046 -0.00042548104 
Contacts 0

0 2.1078548 0 -0.0074486648 -0.0040147646 -0.0014075625 -0.00043821792 
Contacts 0

0 2.1082114 0 -0.0076271078 -0.0041318211 -0.0014509878 -0.00045117241 
Contacts 0

0 2.1085721 0 -0.0078069599 -0.0042506179 -0.0014951848 -0.0004643461 
Contacts 0

0 2.108937 0 -0.0079881995 -0.0043711547 -0.0015401583 -0.0004777406 
Contacts 0

0 2.1093062 0 -0.0081708051 -0.004493431 -0.0015859125 -0.00049135754 
Contacts 0

0 2.1096795 0 -0.0083547554 -0.0046174461 -0.0016324519 -0.00050519857 
Contacts 0

0 2.1100569 0 -0.0085400294 -0.0047431992 -0.001679781 -0.00051926533 
Contacts 0

0 2.1104386 0 -0.0087266061 -0.0048706897 -0.0017279042 -0.00053355952 
Contacts 0

0 2.1108243 0 -0.0089144649 -0.0049999165 -0.0017768258 -0.00054808281 
Contacts 0

0 2.1112142 0 -0.0091035853 -0.0051308786 -0.0018265502 -0.00056283691 
Contacts 0

0 2.1116082 0 -0.0092939468 -0.0052635748 -0.0018770817 -0.00057782355 
Contacts 0

0 2.1120063 0 -0.0094855295 -0.0053980039 -0.0019284245 -0.00059304445 
Contacts 0

0 2.1124084 0 -0.0096783133 -0.0055341645 -0.001980583 -0.00060850137 
Contacts 0

0 2.1128146 0 -0.0098722783 -0.0056720551 -0.0020335614 -0.00062419608 
Contacts 0

0 2.1132249 0 -0.010067405 -0.0058116742 -0.0020873638 -0.00064013034 
Contacts 0

0 2.1136392 0 -0.010263674 -0.0059530201 -0.0021419946 -0.00065630595 
Contacts 0

0 2.1140575 0 -0.010461066 -0.006096091 -0.0021974577 -0.00067272472 
Contacts 0

0 2.1144798 0 -0.010659562 -0.0062408851 -0.0022537574 -0.00068938847 
Contacts 0

0 2.1149062 0 -0.010859143 -0.0063874005 -0.0023108978 -0.00070629904 
Contacts 0

0 2.1153364 0 -0.01105979 -0.006535635 -0.0023688829 -0.00072345826 
Contacts 0

0 2.1157707 0 -0.011261485 -0.0066855867 -0.0024277168 -0.000740868 
Contacts 0

0 2.1162089 0 -0.011464208 -0.0068372531 -0.0024874034 -0.00075853013 
Contacts 0

0 2.116651 0 -0.011667943 -0.0069906322 -0.0025479468 -0.00077644653 
Contacts 0

0 2.1170971 0 -0.01187267 -0.0071457214 -0.0026093509 -0.00079461911 
Contacts 0

0 2.117547 0 -0.012078372 -0.0073025182 -0.0026716196 -0.00081304977 
Contacts 0

0 2.1180009 0 -0.012285031 -0.0074610202 -0.0027347568 -0.00083174044 
Contacts 0

0 2.1184586 0 -0.012492629 -0.0076212247 -0.0027987665 -0.00085069305 
Contacts 0

0 2.1189203 0 -0.012701149 -0.0077831289 -0.0028636524 -0.00086990954 
Contacts 0

0 2.1193857 0 -0.012910573 -0.0079467301 -0.0029294183 -0.00088939187 
Contacts 0

0 2.119855 0 -0.013120884 -0.0081120254 -0.002996068 -0.00090914201 
Contacts 0

0 2.1203281 0 -0.013332066 -0.0082790117 -0.0030636052 -0.00092916194 
Contacts 0

0 2.1208051 0 -0.0135441 -0.0084476862 -0.0031320337 -0.00094945365 
Contacts 0

0 2.1212858 0 -0.013756971 -0.0086180456 -0.0032013571 -0.00097001914 
Contacts 0

0 2.1217704 0 -0.013970662 -0.0087900868 -0.0032715791 -0.00099086043 
Contacts 0

0 2.1222587 0 -0.014185155 -0.0089638065 -0.0033427034 -0.0010119795 
Contacts 0

0 2.1227507 0 -0.014400436 -0.0091392014 -0.0034147334 -0.0010333785 
Contacts 0

0 2.1232466 0 -0.014616487 -0.0093162681 -0.0034876727 -0.0010550593 
Contacts 0

0 2.1237461 0 -0.014833292 -0.0094950032 -0.0035615249 -0.0010770241 
Contacts 0

0 2.1242494 0 -0.015050836 -0.0096754031 -0.0036362935 -0.0010992748 
Contacts 0

0 2.1247564 0 -0.015269103 -0.0098574642 -0.0037119819 -0.0011218137 
Contacts 0

0 2.1252671 0 -0.015488076 -0.010041183 -0.0037885936 -0.0011446426 
Contacts 0

0 2.1257814 0 -0.015707741 -0.010226555 -0.0038661319 -0.0011677639 
Contacts 0

0 2.1262995 0 -0.015928081 -0.010413578 -0.0039446002 -0.0011911794 
Contacts 0

0 2.1268212 0 -0.016149082 -0.010602246 -0.0040240019 -0.0012148914 
Contacts 0

0 2.1273466 0 -0.016370728 -0.010792557 -0.0041043402 -0.001238902 
Contacts 0

0 2.1278755 0 -0.016593005 -0.010984506 -0.0041856185 -0.0012632133 
Contacts 0

0 2.1284082 0 -0.016815897 -0.01117809 -0.0042678399 -0.0012878273 
Contacts 0

0 2.1289444 0 -0.017039389 -0.011373303 -0.0043510076 -0.0013127463 
Contacts 0

0 2.1294842 0 -0.017263467 -0.011570143 -0.0044351249 -0.0013379724 
Contacts 0

0 2.1300276 0 -0.017488115 -0.011768604 -0.0045201949 -0.0013635078 
Contacts 0

0 2.1305746 0 -0.017713321 -0.011968682 -0.0046062206 -0.0013893546 
Contacts 0

0 2.1311251 0 -0.017939068 -0.012170374 -0.0046932052 -0.0014155149 
Contacts 0

0 2.1316792 0 -0.018165344 -0.012373674 -0.0047811518 -0.001441991 
Contacts 0

0 2.1322368 0 -0.018392133 -0.012578579 -0.0048700632 -0.0014687851 
Contacts 0

0 2.132798 0 -0.018619421 -0.012785084 -0.0049599425 -0.0014958993 
Contacts 0

0 2.1333627 0 -0.018847196 -0.012993184 -0.0050507926 -0.0015233358 
Contacts 0

0 2.1339308 0 -0.019075442 -0.013202874 -0.0051426165 -0.0015510969 
Contacts 0

0 2.1345025 0 -0.019304146 -0.013414151 -0.005235417 -0.0015791847 
Contacts 0

0 2.1350776 0 -0.019533295 -0.013627009 -0.005329197 -0.0016076014 
Contacts 0

0 2.1356562 0 -0.019762875 -0.013841444 -0.0054239593 -0.0016363494 
Contacts 0

0 2.1362383 0 -0.019992873 -0.01405745 -0.0055197067 -0.0016654307 
Contacts 0

0 2.1368238 0 -0.020223275 -0.014275024 -0.0056164418 -0.0016948477 
Contacts 0

0 2.1374127 0 -0.020454068 -0.014494159 -0.0057141676 -0.0017246025 
Contacts 0

0 2.1380051 0 -0.020685238 -0.014714852 -0.0058128865 -0.0017546974 
Contacts 0

0 2.1386008 0 -0.020916774 -0.014937096 -0.0059126013 -0.0017851348 
Contacts 0

0 2.1392 0 -0.021148662 -0.015160888 -0.0060133147 -0.0018159167 
Contacts 0

0 2.1398025 0 -0.021380889 -0.015386222 -0.0061150291 -0.0018470455 
Contacts 0

0 2.1404085 0 -0.021613442 -0.015613093 -0.0062177471 -0.0018785235 
Contacts 0

0 2.1410177 0 -0.021846309 -0.015841496 -0.0063214713 -0.0019103528 
Contacts 0

0 2.1416304 0 -0.022079478 -0.016071426 -0.0064262042 -0.0019425358 
Contacts 0

0 2.1422463 0 -0.022312935 -0.016302876 -0.0065319482 -0.0019750748 
Contacts 0

0 2.1428656 0 -0.022546669 -0.016535843 -0.0066387057 -0.002007972 
Contacts 0

0 2.1434882 0 -0.022780668 -0.016770321 -0.0067464791 -0.0020412297 
Contacts 0

0 2.1441142 0 -0.023014918 -0.017006304 -0.0068552708 -0.0020748502 
Contacts 0

0 2.1447434 0 -0.023249408 -0.017243787 -0.0069650831 -0.0021088358 
Contacts 0

0 2.1453759 0 -0.023484126 -0.017482764 -0.0070759184 -0.0021431888 
Contacts 0

0 2.1460116 0 -0.02371906 -0.017723231 -0.0071877788 -0.0021779114 
Contacts 0

0 2.1466507 0 -0.023954199 -0.017965181 -0.0073006666 -0.0022130061 
Contacts 0

0 2.1472929 0 -0.02418953 -0.018208609 -0.007414584 -0.002248475 
Contacts 0

0 2.1479385 0 -0.024425042 -0.01845351 -0.0075295332 -0.0022843205 
Contacts 0

0 2.1485872 0 -0.024660723 -0.018699877 -0.0076455162 -0.0023205449 
Contacts 0

0 2.1492392 0 -0.024896562 -0.018947705 -0.0077625353 -0.0023571505 
Contacts 0

0 2.1498944 0 -0.025132548 -0.019196989 -0.0078805924 -0.0023941396 
Contacts 0

0 2.1505527 0 -0.025368668 -0.019447723 -0.0079996897 -0.0024315146 
Contacts 0

0 2.1512143 0 -0.025604912 -0.0196999 -0.008119829 -0.0024692777 
Contacts 0

0 2.151879 0 -0.025841269 -0.019953516 -0.0082410124 -0.0025074312 
Contacts 0

0 2.1525469 0 -0.026077728 -0.020208564 -0.0083632419 -0.0025459776 
Contacts 0

0 2.1532179 0 -0.026314277 -0.020465038 -0.0084865193 -0.0025849191 
Contacts 0

0 2.1538921 0 -0.026550906 -0.020722933 -0.0086108465 -0.0026242581 
Contacts 0

0 2.1545694 0 -0.026787603 -0.020982242 -0.0087362253 -0.0026639968 
Contacts 0

0 2.1552499 0 -0.027024358 -0.02124296 -0.0088626577 -0.0027041376 
Contacts 0

0 2.1559334 0 -0.027261161 -0.021505081 -0.0089901453 -0.0027446828 
Contacts 0

0 2.1566201 0 -0.027498 -0.021768598 -0.0091186899 -0.0027856348 
Contacts 0

0 2.1573098 0 -0.027734866 -0.022033506 -0.0092482932 -0.0028269959 
Contacts 0

0 2.1580026 0 -0.027971747 -0.022299798 -0.0093789569 -0.0028687684 
Contacts 0

0 2.1586985 0 -0.028208633 -0.022567468 -0.0095106827 -0.0029109547 
Contacts 0

0 2.1593974 0 -0.028445514 -0.022836511 -0.0096434721 -0.002953557 
Contacts 0

0 2.1600994 0 -0.028682379 -0.02310692 -0.0097773269 -0.0029965778 
Contacts 0

0 2.1608044 0 -0.028919219 -0.023378688 -0.0099122485 -0.0030400194 
Contacts 0

0 2.1615125 0 -0.029156023 -0.02365181 -0.010048238 -0.003083884 
Contacts 0

0 2.1622235 0 -0.029392781 -0.02392628 -0.010185298 -0.003128174 
Contacts 0

0 2.1629376 0 -0.029629483 -0.02420209 -0.01032343 -0.0031728919 
Contacts 0

0 2.1636547 0 -0.029866119 -0.024479236 -0.010462634 -0.0032180398 
Contacts 0

0 2.1643747 0 -0.030102679 -0.024757709 -0.010602912 -0.0032636201 
Contacts 0

0 2.1650977 0 -0.030339154 -0.025037505 -0.010744265 -0.0033096352 
Contacts 0

0 2.1658237 0 -0.030575533 -0.025318616 -0.010886696 -0.0033560874 
Contacts 0

0 2.1665527 0 -0.030811808 -0.025601037 -0.011030205 -0.0034029791 
Contacts 0

0 2.1672845 0 -0.031047968 -0.02588476 -0.011174793 -0.0034503125 
Contacts 0

0 2.1680194 0 -0.031284004 -0.02616978 -0.011320462 -0.00349809 
Contacts 0

0 2.1687571 0 -0.031519906 -0.02645609 -0.011467213 -0.0035463139 
Contacts 0

0 2.1694978 0 -0.031755665 -0.026743683 -0.011615048 -0.0035949866 
Contacts 0

0 2.1702413 0 -0.031991272 -0.027032552 -0.011763966 -0.0036441104 
Contacts 0

0 2.1709878 0 -0.032226717 -0.027322692 -0.01191397 -0.0036936876 
Contacts 0

0 2.1717371 0 -0.032461991 -0.027614096 -0.012065061 -0.0037437206 
Contacts 0

0 2.1724893 0 -0.032697085 -0.027906757 -0.012217239 -0.0037942116 
Contacts 0

0 2.1732444 0 -0.032931989 -0.028200668 -0.012370506 -0.003845163 
Contacts 0

0 2.1740023 0 -0.033166695 -0.028495822 -0.012524862 -0.0038965771 
Contacts 0

0 2.1747631 0 -0.033401194 -0.028792214 -0.012680309 -0.0039484562 
Contacts 0

0 2.1755267 0 -0.033635477 -0.029089837 -0.012836848 -0.0040008027 
Contacts 0

0 2.1762931 0 -0.033869534 -0.029388683 -0.012994479 -0.0040536189 
Contacts 0

0 2.1770624 0 -0.034103357 -0.029688745 -0.013153204 -0.004106907 
Contacts 0

0 2.1778344 0 -0.034336937 -0.029990019 -0.013313023 -0.0041606695 
Contacts 0

0 2.1786092 0 -0.034570265 -0.030292495 -0.013473937 -0.0042149085 
Contacts 0

0 2.1793869 0 -0.034803334 -0.030596168 -0.013635947 -0.0042696265 
Contacts 0

0 2.1801673 0 -0.035036133 -0.030901031 -0.013799053 -0.0043248257 
Contacts 0

0 2.1809504 0 -0.035268655 -0.031207077 -0.013963257 -0.0043805084 
Contacts 0

0 2.1817363 0 -0.035500891 -0.031514299 -0.014128559 -0.0044366769 
Contacts 0

0 2.182525 0 -0.035732832 -0.03182269 -0.01429496 -0.0044933336 
Contacts 0

0 2.1833164 0 -0.035964471 -0.032132243 -0.01446246 -0.0045504806 
Contacts 0

0 2.1841105 0 -0.036195798 -0.032442952 -0.01463106 -0.0046081204 
Contacts 0

0 2.1849074 0 -0.036426806 -0.032754809 -0.014800761 -0.0046662552 
Contacts 0

0 2.1857069 0 -0.036657486 -0.033067808 -0.014971563 -0.0047248872 
Contacts 0

0 2.1865092 0 -0.03688783 -0.033381941 -0.015143467 -0.0047840189 
Contacts 0

0 2.1873141 0 -0.03711783 -0.033697202 -0.015316473 -0.0048436523 
Contacts 0

0 2.1881217 0 -0.037347478 -0.034013583 -0.015490582 -0.0049037899 
Contacts 0

0 2.188932 0 -0.037576765 -0.034331078 -0.015665794 -0.0049644339 
Contacts 0

0 2.1897449 0 -0.037805684 -0.034649679 -0.015842109 -0.0050255866 
Contacts 0

0 2.1905605 0 -0.038034227 -0.034969379 -0.016019528 -0.0050872502 
Contacts 0

0 2.1913787 0 -0.038262385 -0.035290172 -0.016198052 -0.005149427 
Contacts 0

0 2.1921996 0 -0.038490152 -0.03561205 -0.01637768 -0.0052121192 
Contacts 0

0 2.1930231 0 -0.038717519 -0.035935006 -0.016558414 -0.0052753292 
Contacts 0

0 2.1938492 0 -0.038944478 -0.036259033 -0.016740252 -0.0053390591 
Contacts 0

0 2.1946779 0 -0.039171022 -0.036584124 -0.016923196 -0.0054033112 
Contacts 0

0 2.1955091 0 -0.039397143 -0.036910271 -0.017107246 -0.0054680878 
Contacts 0

0 2.196343 0 -0.039622833 -0.037237468 -0.017292401 -0.0055333911 
Contacts 0

0 2.1971794 0 -0.039848085 -0.037565707 -0.017478663 -0.0055992233 
Contacts 0

0 2.1980184 0 -0.040072892 -0.037894981 -0.01766603 -0.0056655866 
Contacts 0

0 2.19886 0 -0.040297245 -0.038225283 -0.017854504 -0.0057324834 
Contacts 0

0 2.1997041 0 -0.040521138 -0.038556605 -0.018044084 -0.0057999157 
Contacts 0

0 2.2005507 0 -0.040744562 -0.038888941 -0.018234771 -0.0058678859 
Contacts 0

0 2.2013999 0 -0.040967511 -0.039222283 -0.018426564 -0.0059363961 
Contacts 0

0 2.2022516 0 -0.041189978 -0.039556623 -0.018619463 -0.0060054485 
Contacts 0

0 2.2031058 0 -0.041411954 -0.039891955 -0.018813468 -0.0060750454 
Contacts 0

0 2.2039625 0 -0.041633433 -0.040228271 -0.01900858 -0.006145189 
Contacts 0

0 2.2048217 0 -0.041854408 -0.040565564 -0.019204798 -0.0062158813 
Contacts 0

0 2.2056833 0 -0.042074872 -0.040903826 -0.019402122 -0.0062871247 
Contacts 0

0 2.2065475 0 -0.042294816 -0.041243051 -0.019600552 -0.0063589213 
Contacts 0

0 2.2074141 0 -0.042514235 -0.04158323 -0.019800088 -0.0064312733 
Contacts 0

0 2.2082831 0 -0.042733122 -0.041924356 -0.020000729 -0.0065041829 
Contacts 0

0 2.2091546 0 -0.042951469 -0.042266422 -0.020202475 -0.0065776522 
Contacts 0

0 2.2100285 0 -0.043169269 -0.042609421 -0.020405327 -0.0066516834 
Contacts 0

0 2.2109049 0 -0.043386515 -0.042953345 -0.020609283 -0.0067262786 
Contacts 0

0 2.2117836 0 -0.043603202 -0.043298186 -0.020814343 -0.00680144 
Contacts 0

0 2.2126648 0 -0.043819321 -0.043643938 -0.021020508 -0.0068771698 
Contacts 0

0 2.2135484 0 -0.044034867 -0.043990592 -0.021227776 -0.0069534701 
Contacts 0

0 2.2144344 0 -0.044249831 -0.044338142 -0.021436147 -0.0070303429 
Contacts 0

0 2.2153227 0 -0.044464209 -0.044686579 -0.021645621 -0.0071077906 
Contacts 0

0 2.2162134 0 -0.044677993 -0.045035896 -0.021856198 -0.0071858151 
Contacts 0

0 2.2171065 0 -0.044891176 -0.045386087 -0.022067877 -0.0072644186 
Contacts 0

0 2.2180019 0 -0.045103752 -0.045737142 -0.022280656 -0.0073436032 
Contacts 0

0 2.2188997 0 -0.045315714 -0.046089055 -0.022494537 -0.007423371 
Contacts 0

0 2.2197998 0 -0.045527056 -0.046441818 -0.022709518 -0.0075037241 
Contacts 0

0 2.2207022 0 -0.045737771 -0.046795423 -0.022925599 -0.0075846647 
Contacts 0

0 2.221607 0 -0.045947854 -0.047149864 -0.023142779 -0.0076661947 
Contacts 0

0 2.222514 0 -0.046157297 -0.047505132 -0.023361057 -0.0077483162 
Contacts 0

0 2.2234234 0 -0.046366095 -0.047861219 -0.023580433 -0.0078310315 
Contacts 0

0 2.224335 0 -0.04657424 -0.048218119 -0.023800906 -0.0079143424 
Contacts 0

0 2.225249 0 -0.046781727 -0.048575823 -0.024022475 -0.0079982511 
Contacts 0

0 2.2261652 0 -0.04698855 -0.048934324 -0.02424514 -0.0080827596 
Contacts 0

0 2.2270836 0 -0.047194702 -0.049293614 -0.0244689 -0.00816787 
Contacts 0

0 2.2280043 0 -0.047400177 -0.049653686 -0.024693754 -0.0082535843 
Contacts 0

0 2.2289273 0 -0.047604969 -0.050014532 -0.024919701 -0.0083399045 
Contacts 0

0 2.2298525 0 -0.047809072 -0.050376144 -0.02514674 -0.0084268328 
Contacts 0

0 2.2307799 0 -0.048012479 -0.050738514 -0.02537487 -0.008514371 
Contacts 0

0 2.2317096 0 -0.048215186 -0.051101635 -0.025604092 -0.0086025212 
Contacts 0

0 2.2326414 0 -0.048417186 -0.0514655 -0.025834402 -0.0086912855 
Contacts 0

0 2.2335755 0 -0.048618472 -0.051830099 -0.026065801 -0.0087806657 
Contacts 0

0 2.2345117 0 -0.04881904 -0.052195427 -0.026298288 -0.008870664 
Contacts 0

0 2.2354502 0 -0.049018883 -0.052561474 -0.026531862 -0.0089612823 
Contacts 0

0 2.2363908 0 -0.049217995 -0.052928234 -0.026766521 -0.0090525225 
Contacts 0

0 2.2373335 0 -0.04941637 -0.053295698 -0.027002264 -0.0091443867 
Contacts 0

0 2.2382785 0 -0.049614004 -0.053663858 -0.027239091 -0.0092368768 
Contacts 0

0 2.2392255 0 -0.049810889 -0.054032708 -0.027477 -0.0093299948 
Contacts 0

0 2.2401748 0 -0.050007021 -0.054402238 -0.02771599 -0.0094237426 
Contacts 0

0 2.2411261 0 -0.050202394 -0.054772442 -0.02795606 -0.0095181221 
Contacts 0

0 2.2420796 0 -0.050397001 -0.055143311 -0.028197209 -0.0096131353 
Contacts 0

0 2.2430352 0 -0.050590838 -0.055514838 -0.028439435 -0.0097087841 
Contacts 0

0 2.2439929 0 -0.050783899 -0.055887015 -0.028682738 -0.0098050705 
Contacts 0

0 2.2449526 0 -0.050976178 -0.056259833 -0.028927115 -0.0099019962 
Contacts 0

0 2.2459145 0 -0.051167671 -0.056633286 -0.029172566 -0.0099995634 
Contacts 0

0 2.2468785 0 -0.05135837 -0.057007366 -0.02941909 -0.010097774 
Contacts 0

0 2.2478445 0 -0.051548272 -0.057382063 -0.029666684 -0.010196629 
Contacts 0

0 2.2488126 0 -0.05173737 -0.057757371 -0.029915348 -0.010296132 
Contacts 0

0 2.2497827 0 -0.051925659 -0.058133282 -0.03016508 -0.010396283 
Contacts 0

0 2.2507549 0 -0.052113135 -0.058509788 -0.030415879 -0.010497085 
Contacts 0

0 2.2517291 0 -0.052299791 -0.058886881 -0.030667743 -0.01059854 
Contacts 0

0 2.2527053 0 -0.052485622 -0.059264553 -0.030920671 -0.010700649 
Contacts 0

0 2.2536836 0 -0.052670623 -0.059642795 -0.031174661 -0.010803414 
Contacts 0

0 2.2546639 0 -0.052854789 -0.060021601 -0.031429712 -0.010906838 
Contacts 0

0 2.2556461 0 -0.053038115 -0.060400963 -0.031685822 -0.011010921 
Contacts 0

0 2.2566304 0 -0.053220596 -0.060780871 -0.03194299 -0.011115666 
Contacts 0

0 2.2576166 0 -0.053402226 -0.061161319 -0.032201213 -0.011221075 
Contacts 0

0 2.2586049 0 -0.053583001 -0.061542299 -0.032460491 -0.011327149 
Contacts 0

0 2.2595951 0 -0.053762915 -0.061923802 -0.032720821 -0.01143389 
Contacts 0

0 2.2605872 0 -0.053941963 -0.06230582 -0.032982203 -0.0115413 
Contacts 0

0 2.2615813 0 -0.054120141 -0.062688346 -0.033244634 -0.011649381 
Contacts 0

0 2.2625773 0 -0.054297443 -0.063071372 -0.033508112 -0.011758134 
Contacts 0

0 2.2635753 0 -0.054473864 -0.063454889 -0.033772636 -0.011867561 
Contacts 0

0 2.2645752 0 -0.054649401 -0.06383889 -0.034038204 -0.011977664 
Contacts 0

0 2.265577 0 -0.054824047 -0.064223367 -0.034304813 -0.012088445 
Contacts 0

0 2.2665808 0 -0.054997798 -0.064608311 -0.034572464 -0.012199905 
Contacts 0

0 2.2675864 0 -0.055170649 -0.064993715 -0.034841152 -0.012312046 
Contacts 0

0 2.2685939 0 -0.055342595 -0.06537957 -0.035110877 -0.01242487 
Contacts 0

0 2.2696033 0 -0.055513633 -0.065765869 -0.035381637 -0.012538379 
Contacts 0

0 2.2706145 0 -0.055683756 -0.066152604 -0.035653429 -0.012652574 
Contacts 0

0 2.2716277 0 -0.055852961 -0.066539766 -0.035926252 -0.012767456 
Contacts 0

0 2.2726427 0 -0.056021242 -0.066927347 -0.036200104 -0.012883028 
Contacts 0

0 2.2736595 0 -0.056188595 -0.06731534 -0.036474983 -0.012999292 
Contacts 0

0 2.2746782 0 -0.056355016 -0.067703737 -0.036750885 -0.013116248 
Contacts 0

0 2.2756987 0 -0.0565205 -0.068092528 -0.037027811 -0.013233898 
Contacts 0

0 2.276721 0 -0.056685042 -0.068481707 -0.037305757 -0.013352245 
Contacts 0

0 2.2777452 0 -0.056848638 -0.068871265 -0.037584721 -0.013471289 
Contacts 0

0 2.2787711 0 -0.057011284 -0.069261195 -0.037864702 -0.013591033 
Contacts 0

0 2.2797989 0 -0.057172974 -0.069651487 -0.038145696 -0.013711478 
Contacts 0

0 2.2808284 0 -0.057333705 -0.070042134 -0.038427702 -0.013832625 
Contacts 0

0 2.2818597 0 -0.057493473 -0.070433128 -0.038710718 -0.013954476 
Contacts 0

0 2.2828928 0 -0.057652272 -0.070824461 -0.038994741 -0.014077033 
Contacts 0

0 2.2839277 0 -0.057810099 -0.071216124 -0.03927977 -0.014200297 
Contacts 0

0 2.2849643 0 -0.05796695 -0.07160811 -0.039565801 -0.01432427 
Contacts 0

0 2.2860027 0 -0.058122819 -0.072000411 -0.039852832 -0.014448953 
Contacts 0

0 2.2870428 0 -0.058277703 -0.072393018 -0.040140862 -0.014574348 
Contacts 0

0 2.2880846 0 -0.058431598 -0.072785923 -0.040429887 -0.014700457 
Contacts 0

0 2.2891282 0 -0.0585845 -0.073179118 -0.040719906 -0.01482728 
Contacts 0

0 2.2901735 0 -0.058736404 -0.073572595 -0.041010915 -0.01495482 
Contacts 0

0 2.2912205 0 -0.058887306 -0.073966346 -0.041302913 -0.015083077 
Contacts 0

0 2.2922692 0 -0.059037202 -0.074360362 -0.041595898 -0.015212054 
Contacts 0

0 2.2933195 0 -0.059186089 -0.074754636 -0.041889865 -0.015341752 
Contacts 0

0 2.2943716 0 -0.059333961 -0.07514916 -0.042184814 -0.015472172 
Contacts 0

0 2.2954253 0 -0.059480816 -0.075543924 -0.042480741 -0.015603316 
Contacts 0

0 2.2964807 0 -0.059626649 -0.075938922 -0.042777644 -0.015735185 
Contacts 0

0 2.2975378 0 -0.059771456 -0.076334145 -0.04307552 -0.015867781 
Contacts 0

0 2.2985965 0 -0.059915233 -0.076729585 -0.043374368 -0.016001104 
Contacts 0

0 2.2996569 0 -0.060057977 -0.077125233 -0.043674183 -0.016135157 
Contacts 0

0 2.3007188 0 -0.060199684 -0.077521082 -0.043974963 -0.016269941 
Contacts 0

0 2.3017825 0 -0.060340349 -0.077917122 -0.044276706 -0.016405457 
Contacts 0

0 2.3028477 0 -0.060479969 -0.078313348 -0.04457941 -0.016541707 
Contacts 0

0 2.3039145 0 -0.060618541 -0.078709749 -0.04488307 -0.016678691 
Contacts 0

0 2.304983 0 -0.06075606 -0.079106317 -0.045187685 -0.016816412 
Contacts 0

0 2.306053 0 -0.060892523 -0.079503046 -0.045493252 -0.01695487 
Contacts 0

0 2.3071246 0 -0.061027926 -0.079899925 -0.045799768 -0.017094068 
Contacts 0

0 2.3081978 0 -0.061162265 -0.080296948 -0.046107229 -0.017234005 
Contacts 0

0 2.3092726 0 -0.061295538 -0.080694106 -0.046415634 -0.017374684 
Contacts 0

0 2.3103489 0 -0.061427739 -0.081091391 -0.046724979 -0.017516106 
Contacts 0

0 2.3114268 0 -0.061558867 -0.081488795 -0.047035262 -0.017658273 
Contacts 0

0 2.3125062 0 -0.061688916 -0.081886308 -0.047346479 -0.017801184 
Contacts 0

0 2.3135871 0 -0.061817885 -0.082283925 -0.047658628 -0.017944842 
Contacts 0

0 2.3146696 0 -0.061945768 -0.082681635 -0.047971705 -0.018089248 
Contacts 0

0 2.3157536 0 -0.062072563 -0.083079431 -0.048285708 -0.018234404 
Contacts 0

0 2.3168391 0 -0.062198267 -0.083477304 -0.048600633 -0.018380309 
Contacts 0

0 2.3179261 0 -0.062322875 -0.083875247 -0.048916478 -0.018526967 
Contacts 0

0 2.3190147 0 -0.062446385 -0.084273252 -0.049233239 -0.018674377 
Contacts 0

0 2.3201047 0 -0.062568794 -0.084671309 -0.049550913 -0.018822541 
Contacts 0

0 2.3211962 0 -0.062690097 -0.085069411 -0.049869498 -0.01897146 
Contacts 0

0 2.3222891 0 -0.062810292 -0.085467549 -0.050188989 -0.019121135 
Contacts 0

0 2.3233835 0 -0.062929375 -0.085865716 -0.050509385 -0.019271568 
Contacts 0

0 2.3244794 0 -0.063047343 -0.086263904 -0.050830681 -0.01942276 
Contacts 0

0 2.3255767 0 -0.063164194 -0.086662103 -0.051152874 -0.019574711 
Contacts 0

0 2.3266755 0 -0.063279923 -0.087060306 -0.051475962 -0.019727423 
Contacts 0

0 2.3277757 0 -0.063394528 -0.087458504 -0.051799941 -0.019880897 
Contacts 0

0 2.3288773 0 -0.063508005 -0.08785669 -0.052124807 -0.020035134 
Contacts 0

0 2.3299804 0 -0.063620352 -0.088254854 -0.052450558 -0.020190136 
Contacts 0

0 2.3310848 0 -0.063731565 -0.08865299 -0.052777189 -0.020345902 
Contacts 0

0 2.3321907 0 -0.063841642 -0.089051088 -0.053104698 -0.020502435 
Contacts 0

0 2.3332979 0 -0.063950579 -0.089449141 -0.053433082 -0.020659735 
Contacts 0

0 2.3344066 0 -0.064058373 -0.08984714 -0.053762336 -0.020817803 
Contacts 0

0 2.3355166 0 -0.064165022 -0.090245076 -0.054092458 -0.020976641 
Contacts 0

0 2.336628 0 -0.064270522 -0.090642943 -0.054423443 -0.021136249 
Contacts 0

0 2.3377407 0 -0.064374871 -0.091040731 -0.054755289 -0.021296629 
Contacts 0

0 2.3388548 0 -0.064478066 -0.091438433 -0.055087992 -0.02145778 
Contacts 0

0 2.3399703 0 -0.064580103 -0.091836039 -0.055421548 -0.021619705 
Contacts 0

0 2.341087 0 -0.064680981 -0.092233543 -0.055755955 -0.021782405 
Contacts 0

0 2.3422052 0 -0.064780696 -0.092630935 -0.056091207 -0.021945879 
Contacts 0

0 2.3433246 0 -0.064879246 -0.093028207 -0.056427302 -0.02211013 
Contacts 0

0 2.3444453 0 -0.064976627 -0.093425352 -0.056764237 -0.022275158 
Contacts 0

0 2.3455674 0 -0.065072838 -0.093822361 -0.057102006 -0.022440963 
Contacts 0

0 2.3466908 0 -0.065167875 -0.094219226 -0.057440608 -0.022607548 
Contacts 0

0 2.3478154 0 -0.065261736 -0.094615938 -0.057780037 -0.022774912 
Contacts 0

0 2.3489413 0 -0.065354418 -0.09501249 -0.058120291 -0.022943056 
Contacts 0

0 2.3500686 0 -0.065445919 -0.095408873 -0.058461365 -0.023111982 
Contacts 0

0 2.351197 0 -0.065536236 -0.095805079 -0.058803257 -0.023281691 
Contacts 0

0 2.3523268 0 -0.065625366 -0.0962011 -0.059145961 -0.023452182 
Contacts 0

0 2.3534578 0 -0.065713307 -0.096596927 -0.059489475 -0.023623457 
Contacts 0

0 2.35459 0 -0.065800057 -0.096992553 -0.059833794 -0.023795517 
Contacts 0

0 2.3557235 0 -0.065885613 -0.097387969 -0.060178914 -0.023968363 
Contacts 0

0 2.3568582 0 -0.065969973 -0.097783166 -0.060524832 -0.024141994 
Contacts 0

0 2.3579941 0 -0.066053134 -0.098178138 -0.060871544 -0.024316413 
Contacts 0

0 2.3591313 0 -0.066135094 -0.098572875 -0.061219046 -0.024491619 
Contacts 0

0 2.3602696 0 -0.06621585 -0.09896737 -0.061567334 -0.024667614 
Contacts 0

0 2.3614092 0 -0.066295401 -0.099361614 -0.061916404 -0.024844398 
Contacts 0

0 2.3625499 0 -0.066373743 -0.099755599 -0.062266251 -0.025021972 
Contacts 0

0 2.3636919 0 -0.066450875 -0.10014932 -0.062616873 -0.025200336 
Contacts 0

0 2.364835 0 -0.066526795 -0.10054276 -0.062968264 -0.025379492 
Contacts 0

0 2.3659792 0 -0.0666015 -0.10093592 -0.063320421 -0.02555944 
Contacts 0

0 2.3671247 0 -0.066674988 -0.10132879 -0.06367334 -0.02574018 
Contacts 0

0 2.3682713 0 -0.066747256 -0.10172135 -0.064027017 -0.025921713 
Contacts 0

0 2.369419 0 -0.066818304 -0.10211361 -0.064381447 -0.02610404 
Contacts 0

0 2.3705679 0 -0.066888128 -0.10250556 -0.064736626 -0.026287161 
Contacts 0

0 2.3717179 0 -0.066956727 -0.10289718 -0.065092551 -0.026471077 
Contacts 0

0 2.372869 0 -0.067024098 -0.10328846 -0.065449217 -0.026655789 
Contacts 0

0 2.3740213 0 -0.06709024 -0.10367941 -0.065806619 -0.026841297 
Contacts 0

0 2.3751747 0 -0.067155151 -0.10407001 -0.066164754 -0.027027602 
Contacts 0

0 2.3763291 0 -0.067218828 -0.10446025 -0.066523616 -0.027214703 
Contacts 0

0 2.3774847 0 -0.067281269 -0.10485012 -0.066883203 -0.027402603 
Contacts 0

0 2.3786413 0 -0.067342474 -0.10523962 -0.06724351 -0.0275913 
Contacts 0

0 2.379799 0 -0.067402439 -0.10562874 -0.067604532 -0.027780797 
Contacts 0

0 2.3809578 0 -0.067461163 -0.10601748 -0.067966264 -0.027971092 
Contacts 0

0 2.3821177 0 -0.067518645 -0.10640581 -0.068328703 -0.028162187 
Contacts 0

0 2.3832786 0 -0.067574881 -0.10679374 -0.068691845 -0.028354082 
Contacts 0

0 2.3844406 0 -0.067629872 -0.10718125 -0.069055684 -0.028546778 
Contacts 0

0 2.3856036 0 -0.067683614 -0.10756835 -0.069420216 -0.028740274 
Contacts 0

0 2.3867676 0 -0.067736107 -0.10795501 -0.069785437 -0.028934572 
Contacts 0

0 2.3879327 0 -0.067787347 -0.10834123 -0.070151343 -0.029129671 
Contacts 0

0 2.3890988 0 -0.067837335 -0.10872701 -0.070517928 -0.029325573 
Contacts 0

0 2.3902659 0 -0.067886068 -0.10911234 -0.070885188 -0.029522277 
Contacts 0

0 2.391434 0 -0.067933544 -0.1094972 -0.071253119 -0.029719783 
Contacts 0

0 2.3926031 0 -0.067979762 -0.10988159 -0.071621716 -0.029918093 
Contacts 0

0 2.3937732 0 -0.068024721 -0.1102655 -0.071990975 -0.030117206 
Contacts 0

0 2.3949443 0 -0.068068418 -0.11064893 -0.07236089 -0.030317122 
Contacts 0

0 2.3961164 0 -0.068110853 -0.11103186 -0.072731458 -0.030517843 
Contacts 0

0 2.3972894 0 -0.068152024 -0.11141429 -0.073102673 -0.030719367 
Contacts 0

0 2.3984634 0 -0.068191929 -0.11179621 -0.073474531 -0.030921696 
Contacts 0

0 2.3996383 0 -0.068230567 -0.11217761 -0.073847027 -0.03112483 
Contacts 0

0 2.4008142 0 -0.068267937 -0.11255849 -0.074220157 -0.031328769 
Contacts 0

0 2.4019911 0 -0.068304037 -0.11293883 -0.074593915 -0.031533512 
Contacts 0

0 2.4031688 0 -0.068338866 -0.11331862 -0.074968297 -0.031739061 
Contacts 0

0 2.4043475 0 -0.068372422 -0.11369787 -0.075343298 -0.031945416 
Contacts 0

0 2.4055271 0 -0.068404705 -0.11407656 -0.075718913 -0.032152576 
Contacts 0

0 2.4067076 0 -0.068435713 -0.11445468 -0.076095138 -0.032360541 
Contacts 0

0 2.4078891 0 -0.068465444 -0.11483222 -0.076471967 -0.032569313 
Contacts 0

0 2.4090714 0 -0.068493898 -0.11520919 -0.076849396 -0.03277889 
Contacts 0

0 2.4102546 0 -0.068521074 -0.11558556 -0.077227419 -0.032989274 
Contacts 0

0 2.4114387 0 -0.06854697 -0.11596134 -0.077606032 -0.033200463 
Contacts 0

0 2.4126236 0 -0.068571585 -0.1163365 -0.07798523 -0.033412459 
Contacts 0

0 2.4138095 0 -0.068594918 -0.11671106 -0.078365008 -0.033625261 
Contacts 0

0 2.4149962 0 -0.068616968 -0.11708499 -0.078745361 -0.033838869 
Contacts 0

0 2.4161837 0 -0.068637734 -0.11745829 -0.079126283 -0.034053284 
Contacts 0

0 2.4173721 0 -0.068657215 -0.11783095 -0.079507771 -0.034268504 
Contacts 0

0 2.4185614 0 -0.06867541 -0.11820297 -0.079889818 -0.034484531 
Contacts 0

0 2.4197514 0 -0.068692317 -0.11857433 -0.080272419 -0.034701364 
Contacts 0

0 2.4209423 0 -0.068707937 -0.11894504 -0.08065557 -0.034919003 
Contacts 0

0 2.422134 0 -0.068722268 -0.11931507 -0.081039266 -0.035137449 
Contacts 0

0 2.4233266 0 -0.068735309 -0.11968442 -0.081423501 -0.0353567 
Contacts 0

0 2.4245199 0 -0.068747059 -0.12005309 -0.08180827 -0.035576757 
Contacts 0

0 2.425714 0 -0.068757518 -0.12042107 -0.082193567 -0.035797619 
Contacts 0

0 2.4269089 0 -0.068766684 -0.12078834 -0.082579389 -0.036019288 
Contacts 0

0 2.4281047 0 -0.068774558 -0.1211549 -0.082965729 -0.036241761 
Contacts 0

0 2.4293011 0 -0.068781138 -0.12152075 -0.083352582 -0.03646504 
Contacts 0

0 2.4304984 0 -0.068786423 -0.12188588 -0.083739943 -0.036689124 
Contacts 0

0 2.4316964 0 -0.068790413 -0.12225027 -0.084127806 -0.036914013 
Contacts 0

0 2.4328952 0 -0.068793107 -0.12261392 -0.084516167 -0.037139707 
Contacts 0

0 2.4340947 0 -0.068794504 -0.12297682 -0.08490502 -0.037366205 
Contacts 0

0 2.4352949 0 -0.068794604 -0.12333897 -0.08529436 -0.037593507 
Contacts 0

0 2.4364959 0 -0.068793407 -0.12370036 -0.085684181 -0.037821613 
Contacts 0

0 2.4376977 0 -0.068790911 -0.12406097 -0.086074477 -0.038050522 
Contacts 0

0 2.4389001 0 -0.068787116 -0.12442081 -0.086465244 -0.038280235 
Contacts 0

0 2.4401033 0 -0.068782022 -0.12477985 -0.086856476 -0.038510751 
Contacts 0

0 2.4413071 0 -0.068775628 -0.12513811 -0.087248168 -0.038742069 
Contacts 0

0 2.4425117 0 -0.068767934 -0.12549556 -0.087640314 -0.03897419 
Contacts 0

0 2.443717 0 -0.068758939 -0.1258522 -0.088032908 -0.039207112 
Contacts 0

0 2.4449229 0 -0.068748643 -0.12620803 -0.088425945 -0.039440836 
Contacts 0

0 2.4461295 0 -0.068737045 -0.12656303 -0.08881942 -0.039675361 
Contacts 0

0 2.4473368 0 -0.068724145 -0.12691719 -0.089213326 -0.039910687 
Contacts 0

0 2.4485448 0 -0.068709943 -0.12727052 -0.089607659 -0.040146813 
Contacts 0

0 2.4497534 0 -0.068694439 -0.127623 -0.090002413 -0.040383738 
Contacts 0

0 2.4509627 0 -0.068677632 -0.12797462 -0.090397582 -0.040621463 
Contacts 0

0 2.4521727 0 -0.068659521 -0.12832538 -0.09079316 -0.040859987 
Contacts 0

0 2.4533832 0 -0.068640108 -0.12867527 -0.091189143 -0.041099309 
Contacts 0

0 2.4545944 0 -0.068619391 -0.12902428 -0.091585523 -0.041339429 
Contacts 0

0 2.4558063 0 -0.06859737 -0.12937241 -0.091982296 -0.041580346 
Contacts 0

0 2.4570187 0 -0.068574046 -0.12971964 -0.092379455 -0.041822059 
Contacts 0

0 2.4582318 0 -0.068549417 -0.13006597 -0.092776996 -0.042064569 
Contacts 0

0 2.4594455 0 -0.068523485 -0.13041139 -0.093174911 -0.042307873 
Contacts 0

0 2.4606597 0 -0.068496249 -0.1307559 -0.093573196 -0.042551973 
Contacts 0

0 2.4618746 0 -0.068467708 -0.13109948 -0.093971845 -0.042796867 
Contacts 0

0 2.4630901 0 -0.068437864 -0.13144213 -0.094370852 -0.043042554 
Contacts 0

0 2.4643061 0 -0.068406715 -0.13178384 -0.094770211 -0.043289035 
Contacts 0

0 2.4655227 0 -0.068374262 -0.13212461 -0.095169915 -0.043536307 
Contacts 0

0 2.4667399 0 -0.068340506 -0.13246443 -0.09556996 -0.043784371 
Contacts 0

0 2.4679576 0 -0.068305445 -0.13280328 -0.09597034 -0.044033225 
Contacts 0

0 2.4691759 0 -0.068269081 -0.13314117 -0.096371048 -0.04428287 
Contacts 0

0 2.4703948 0 -0.068231413 -0.13347808 -0.096772078 -0.044533303 
Contacts 0

0 2.4716141 0 -0.068192442 -0.133814 -0.097173425 -0.044784525 
Contacts 0

0 2.4728341 0 -0.068152167 -0.13414894 -0.097575082 -0.045036535 
Contacts 0

0 2.4740545 0 -0.068110589 -0.13448288 -0.097977045 -0.045289332 
Contacts 0

0 2.4752755 0 -0.068067709 -0.13481581 -0.098379305 -0.045542914 
Contacts 0

0 2.476497 0 -0.068023526 -0.13514774 -0.098781859 -0.045797282 
Contacts 0

0 2.477719 0 -0.067978041 -0.13547864 -0.099184699 -0.046052433 
Contacts 0

0 2.4789415 0 -0.067931254 -0.13580851 -0.099587819 -0.046308368 
Contacts 0

0 2.4801644 0 -0.067883165 -0.13613735 -0.099991214 -0.046565086 
Contacts 0

0 2.4813879 0 -0.067833776 -0.13646516 -0.10039488 -0.046822585 
Contacts 0

0 2.4826119 0 -0.067783085 -0.13679191 -0.1007988 -0.047080864 
Contacts 0

0 2.4838363 0 -0.067731094 -0.1371176 -0.10120298 -0.047339924 
Contacts 0

0 2.4850612 0 -0.067677804 -0.13744224 -0.10160741 -0.047599761 
Contacts 0

0 2.4862866 0 -0.067623214 -0.1377658 -0.10201209 -0.047860377 
Contacts 0

0 2.4875125 0 -0.067567325 -0.13808828 -0.102417 -0.048121768 
Contacts 0

0 2.4887387 0 -0.067510138 -0.13840968 -0.10282214 -0.048383936 
Contacts 0

0 2.4899655 0 -0.067451653 -0.13872999 -0.10322751 -0.048646878 
Contacts 0

0 2.4911927 0 -0.067391871 -0.1390492 -0.1036331 -0.048910593 
Contacts 0

0 2.4924203 0 -0.067330792 -0.13936731 -0.1040389 -0.049175081 
Contacts 0

0 2.4936483 0 -0.067268417 -0.1396843 -0.10444491 -0.04944034 
Contacts 0

0 2.4948767 0 -0.067204747 -0.14000017 -0.10485111 -0.049706368 
Contacts 0

0 2.4961056 0 -0.067139783 -0.14031492 -0.10525751 -0.049973166 
Contacts 0

0 2.4973349 0 -0.067073524 -0.14062853 -0.1056641 -0.050240732 
Contacts 0

0 2.4985646 0 -0.067005973 -0.140941 -0.10607087 -0.050509064 
Contacts 0

0 2.4997946 0 -0.066937129 -0.14125232 -0.10647781 -0.050778161 
Contacts 0

0 2.5010251 0 -0.066866993 -0.14156248 -0.10688492 -0.051048022 
Contacts 0

0 2.502256 0 -0.066795566 -0.14187149 -0.10729219 -0.051318646 
Contacts 0

0 2.5034872 0 -0.06672285 -0.14217932 -0.10769962 -0.051590032 
Contacts 0

0 2.5047188 0 -0.066648845 -0.14248598 -0.1081072 -0.051862178 
Contacts 0

0 2.5059507 0 -0.066573551 -0.14279146 -0.10851492 -0.052135084 
Contacts 0

0 2.5071831 0 -0.06649697 -0.14309574 -0.10892277 -0.052408746 
Contacts 0

0 2.5084157 0 -0.066419102 -0.14339883 -0.10933076 -0.052683165 
Contacts 0

0 2.5096488 0 -0.06633995 -0.14370072 -0.10973887 -0.052958339 
Contacts 0

0 2.5108821 0 -0.066259512 -0.1440014 -0.11014709 -0.053234267 
Contacts 0

0 2.5121158 0 -0.066177792 -0.14430086 -0.11055542 -0.053510947 
Contacts 0

0 2.5133499 0 -0.066094789 -0.14459909 -0.11096386 -0.053788377 
Contacts 0

0 2.5145842 0 -0.066010504 -0.1448961 -0.1113724 -0.054066557 
Contacts 0

0 2.5158189 0 -0.06592494 -0.14519186 -0.11178102 -0.054345485 
Contacts 0

0 2.5170539 0 -0.065838096 -0.14548639 -0.11218973 -0.054625159 
Contacts 0

0 2.5182892 0 -0.065749975 -0.14577966 -0.11259852 -0.054905578 
Contacts 0

0 2.5195247 0 -0.065660576 -0.14607168 -0.11300737 -0.05518674 
Contacts 0

0 2.5207606 0 -0.065569902 -0.14636243 -0.11341629 -0.055468644 
Contacts 0

0 2.5219968 0 -0.065477954 -0.14665191 -0.11382527 -0.055751289 
Contacts 0

0 2.5232332 0 -0.065384732 -0.14694011 -0.1142343 -0.056034672 
Contacts 0

0 2.52447 0 -0.065290239 -0.14722703 -0.11464337 -0.056318792 
Contacts 0

0 2.525707 0 -0.065194474 -0.14751266 -0.11505247 -0.056603647 
Contacts 0

0 2.5269442 0 -0.065097441 -0.14779699 -0.11546161 -0.056889237 
Contacts 0

0 2.5281817 0 -0.06499914 -0.14808002 -0.11587077 -0.057175558 
Contacts 0

0 2.5294195 0 -0.064899571 -0.14836173 -0.11627995 -0.05746261 
Contacts 0

0 2.5306575 0 -0.064798738 -0.14864213 -0.11668914 -0.057750391 
Contacts 0

0 2.5318958 0 -0.064696641 -0.14892121 -0.11709833 -0.058038899 
Contacts 0

0 2.5331343 0 -0.064593281 -0.14919896 -0.11750752 -0.058328133 
Contacts 0

0 2.534373 0 -0.064488661 -0.14947537 -0.11791669 -0.05861809 
Contacts 0

0 2.5356119 0 -0.064382781 -0.14975044 -0.11832585 -0.058908768 
Contacts 0

0 2.5368511 0 -0.064275643 -0.15002416 -0.11873499 -0.059200167 
Contacts 0

0 2.5380905 0 -0.064167248 -0.15029653 -0.11914409 -0.059492284 
Contacts 0

0 2.5393301 0 -0.064057599 -0.15056753 -0.11955316 -0.059785117 
Contacts 0

0 2.5405699 0 -0.063946696 -0.15083716 -0.11996218 -0.060078665 
Contacts 0

0 2.5418098 0 -0.063834542 -0.15110543 -0.12037115 -0.060372926 
Contacts 0

0 2.54305 0 -0.063721137 -0.15137231 -0.12078006 -0.060667897 
Contacts 0

0 2.5442904 0 -0.063606484 -0.1516378 -0.12118891 -0.060963577 
Contacts 0

0 2.5455309 0 -0.063490584 -0.1519019 -0.12159768 -0.061259964 
Contacts 0

0 2.5467716 0 -0.063373439 -0.1521646 -0.12200638 -0.061557056 
Contacts 0

0 2.5480125 0 -0.063255051 -0.1524259 -0.12241498 -0.061854851 
Contacts 0

0 2.5492535 0 -0.063135421 -0.15268579 -0.1228235 -0.062153347 
Contacts 0

0 2.5504947 0 -0.063014551 -0.15294425 -0.12323191 -0.062452542 
Contacts 0

0 2.5517361 0 -0.062892443 -0.1532013 -0.12364021 -0.062752434 
Contacts 0

0 2.5529776 0 -0.062769099 -0.15345691 -0.12404841 -0.063053021 
Contacts 0

0 2.5542192 0 -0.06264452 -0.15371109 -0.12445648 -0.063354301 
Contacts 0

0 2.555461 0 -0.062518709 -0.15396383 -0.12486442 -0.063656271 
Contacts 0

0 2.5567029 0 -0.062391667 -0.15421512 -0.12527222 -0.06395893 
Contacts 0

0 2.5579449 0 -0.062263396 -0.15446495 -0.12567988 -0.064262275 
Contacts 0

0 2.559187 0 -0.062133899 -0.15471332 -0.1260874 -0.064566305 
Contacts 0

0 2.5604293 0 -0.062003176 -0.15496023 -0.12649475 -0.064871016 
Contacts 0

0 2.5616717 0 -0.06187123 -0.15520567 -0.12690194 -0.065176408 
Contacts 0

0 2.5629141 0 -0.061738064 -0.15544963 -0.12730896 -0.065482478 
Contacts 0

0 2.5641567 0 -0.061603678 -0.15569211 -0.1277158 -0.065789222 
Contacts 0

0 2.5653993 0 -0.061468076 -0.15593309 -0.12812246 -0.066096641 
Contacts 0

0 2.5666421 0 -0.061331259 -0.15617258 -0.12852892 -0.06640473 
Contacts 0

0 2.5678849 0 -0.061193229 -0.15641057 -0.12893518 -0.066713487 
Contacts 0

0 2.5691278 0 -0.061053988 -0.15664706 -0.12934124 -0.067022911 
Contacts 0

0 2.5703708 0 -0.060913539 -0.15688203 -0.12974708 -0.067332999 
Contacts 0

0 2.5716138 0 -0.060771884 -0.15711548 -0.1301527 -0.067643749 
Contacts 0

0 2.5728569 0 -0.060629024 -0.15734741 -0.13055809 -0.067955158 
Contacts 0

0 2.5741001 0 -0.060484962 -0.15757781 -0.13096324 -0.068267223 
Contacts 0

0 2.5753433 0 -0.060339701 -0.15780668 -0.13136815 -0.068579943 
Contacts 0

0 2.5765865 0 -0.060193242 -0.158034 -0.13177281 -0.068893315 
Contacts 0

0 2.5778298 0 -0.060045588 -0.15825978 -0.13217721 -0.069207337 
Contacts 0

0 2.5790731 0 -0.05989674 -0.158484 -0.13258135 -0.069522005 
Contacts 0

0 2.5803165 0 -0.059746703 -0.15870667 -0.13298522 -0.069837318 
Contacts 0

0 2.5815598 0 -0.059595476 -0.15892778 -0.1333888 -0.070153274 
Contacts 0

0 2.5828032 0 -0.059443064 -0.15914731 -0.1337921 -0.070469868 
Contacts 0

0 2.5840466 0 -0.059289469 -0.15936528 -0.1341951 -0.070787099 
Contacts 0

0 2.58529 0 -0.059134692 -0.15958166 -0.1345978 -0.071104965 
Contacts 0

0 2.5865335 0 -0.058978736 -0.15979646 -0.13500019 -0.071423463 
Contacts 0

0 2.5877769 0 -0.058821604 -0.16000967 -0.13540227 -0.071742589 
Contacts 0

0 2.5890203 0 -0.058663298 -0.16022129 -0.13580402 -0.072062342 
Contacts 0

0 2.5902637 0 -0.058503821 -0.1604313 -0.13620544 -0.072382719 
Contacts 0

0 2.5915071 0 -0.058343175 -0.16063971 -0.13660652 -0.072703716 
Contacts 0

0 2.5927504 0 -0.058181362 -0.1608465 -0.13700725 -0.073025332 
Contacts 0

0 2.5939938 0 -0.058018386 -0.16105168 -0.13740763 -0.073347564 
Contacts 0

0 2.5952371 0 -0.057854248 -0.16125524 -0.13780765 -0.073670409 
Contacts 0

0 2.5964804 0 -0.057688952 -0.16145718 -0.1382073 -0.073993863 
Contacts 0

0 2.5977236 0 -0.0575225 -0.16165748 -0.13860658 -0.074317925 
Contacts 0

0 2.5989668 0 -0.057354894 -0.16185614 -0.13900547 -0.074642592 
Contacts 0

0 2.6002099 0 -0.057186137 -0.16205316 -0.13940397 -0.07496786 
Contacts 0

0 2.601453 0 -0.057016233 -0.16224853 -0.13980207 -0.075293726 
Contacts 0

0 2.602696 0 -0.056845183 -0.16244226 -0.14019977 -0.075620189 
Contacts 0

0 2.603939 0 -0.05667299 -0.16263432 -0.14059705 -0.075947245 
Contacts 0

0 2.6051819 0 -0.056499658 -0.16282472 -0.14099391 -0.076274891 
Contacts 0

0 2.6064247 0 -0.056325188 -0.16301346 -0.14139034 -0.076603124 
Contacts 0

0 2.6076674 0 -0.056149584 -0.16320052 -0.14178634 -0.076931941 
Contacts 0

0 2.6089101 0 -0.055972848 -0.16338591 -0.14218189 -0.07726134 
Contacts 0

0 2.6101526 0 -0.055794984 -0.16356962 -0.142577 -0.077591317 
Contacts 0

0 2.6113951 0 -0.055615994 -0.16375164 -0.14297164 -0.077921868 
Contacts 0

0 2.6126375 0 -0.05543588 -0.16393196 -0.14336582 -0.078252993 
Contacts 0

0 2.6138798 0 -0.055254646 -0.1641106 -0.14375952 -0.078584686 
Contacts 0

0 2.6151219 0 -0.055072295 -0.16428753 -0.14415275 -0.078916945 
Contacts 0

0 2.616364 0 -0.05488883 -0.16446275 -0.14454548 -0.079249767 
Contacts 0

0 2.6176059 0 -0.054704253 -0.16463627 -0.14493772 -0.079583149 
Contacts 0

0 2.6188478 0 -0.054518568 -0.16480807 -0.14532946 -0.079917088 
Contacts 0

0 2.6200894 0 -0.054331777 -0.16497815 -0.14572068 -0.08025158 
Contacts 0

0 2.621331 0 -0.054143884 -0.16514651 -0.14611138 -0.080586622 
Contacts 0

0 2.6225724 0 -0.053954891 -0.16531314 -0.14650156 -0.080922212 
Contacts 0

0 2.6238137 0 -0.053764802 -0.16547804 -0.1468912 -0.081258345 
Contacts 0

0 2.6250549 0 -0.053573619 -0.1656412 -0.1472803 -0.081595019 
Contacts 0

0 2.6262959 0 -0.053381346 -0.16580261 -0.14766885 -0.08193223 
Contacts 0

0 2.6275367 0 -0.053187986 -0.16596229 -0.14805684 -0.082269975 
Contacts 0

0 2.6287774 0 -0.052993541 -0.16612021 -0.14844427 -0.082608251 
Contacts 0

0 2.630018 0 -0.052798016 -0.16627637 -0.14883113 -0.082947054 
Contacts 0

0 2.6312583 0 -0.052601413 -0.16643078 -0.1492174 -0.083286382 
Contacts 0

0 2.6324985 0 -0.052403735 -0.16658342 -0.14960309 -0.08362623 
Contacts 0

0 2.6337386 0 -0.052204985 -0.1667343 -0.14998818 -0.083966595 
Contacts 0

0 2.6349784 0 -0.052005168 -0.1668834 -0.15037267 -0.084307474 
Contacts 0

0 2.6362181 0 -0.051804285 -0.16703073 -0.15075654 -0.084648864 
Contacts 0

0 2.6374576 0 -0.05160234 -0.16717627 -0.1511398 -0.084990761 
Contacts 0

0 2.6386968 0 -0.051399337 -0.16732004 -0.15152244 -0.085333161 
Contacts 0

0 2.6399359 0 -0.051195279 -0.16746201 -0.15190443 -0.085676061 
Contacts 0

0 2.6411748 0 -0.050990169 -0.16760219 -0.15228579 -0.086019457 
Contacts 0

0 2.6424135 0 -0.05078401 -0.16774058 -0.1526665 -0.086363346 
Contacts 0

0 2.643652 0 -0.050576806 -0.16787716 -0.15304655 -0.086707725 
Contacts 0

0 2.6448903 0 -0.05036856 -0.16801194 -0.15342593 -0.08705259 
Contacts 0

0 2.6461283 0 -0.050159275 -0.16814491 -0.15380464 -0.087397936 
Contacts 0

0 2.6473661 0 -0.049948955 -0.16827607 -0.15418267 -0.087743762 
Contacts 0

0 2.6486038 0 -0.049737604 -0.16840541 -0.15456002 -0.088090062 
Contacts 0

0 2.6498411 0 -0.049525224 -0.16853293 -0.15493667 -0.088436833 
Contacts 0

0 2.6510783 0 -0.049311819 -0.16865863 -0.15531261 -0.088784072 
Contacts 0

0 2.6523152 0 -0.049097393 -0.1687825 -0.15568784 -0.089131775 
Contacts 0

0 2.6535519 0 -0.048881948 -0.16890454 -0.15606236 -0.089479938 
Contacts 0

0 2.6547883 0 -0.04866549 -0.16902474 -0.15643614 -0.089828557 
Contacts 0

0 2.6560245 0 -0.04844802 -0.1691431 -0.1568092 -0.090177629 
Contacts 0

0 2.6572604 0 -0.048229543 -0.16925962 -0.15718151 -0.090527149 
Contacts 0

0 2.658496 0 -0.048010062 -0.1693743 -0.15755307 -0.090877115 
Contacts 0

0 2.6597315 0 -0.04778958 -0.16948713 -0.15792387 -0.091227522 
Contacts 0

0 2.6609666 0 -0.047568102 -0.1695981 -0.15829391 -0.091578366 
Contacts 0

0 2.6622015 0 -0.047345631 -0.16970722 -0.15866317 -0.091929644 
Contacts 0

0 2.6634361 0 -0.04712217 -0.16981447 -0.15903166 -0.092281351 
Contacts 0

0 2.6646704 0 -0.046897723 -0.16991987 -0.15939935 -0.092633484 
Contacts 0

0 2.6659044 0 -0.046672294 -0.17002339 -0.15976625 -0.092986039 
Contacts 0

0 2.6671382 0 -0.046445887 -0.17012505 -0.16013234 -0.093339011 
Contacts 0

0 2.6683717 0 -0.046218504 -0.17022483 -0.16049762 -0.093692397 
Contacts 0

0 2.6696048 0 -0.045990151 -0.17032274 -0.16086208 -0.094046193 
Contacts 0

0 2.6708377 0 -0.04576083 -0.17041876 -0.16122572 -0.094400395 
Contacts 0

0 2.6720703 0 -0.045530545 -0.17051291 -0.16158852 -0.094754998 
Contacts 0

0 2.6733026 0 -0.0452993 -0.17060516 -0.16195047 -0.095109999 
Contacts 0

0 2.6745345 0 -0.045067098 -0.17069553 -0.16231158 -0.095465394 
Contacts 0

0 2.6757662 0 -0.044833944 -0.170784 -0.16267182 -0.095821178 
Contacts 0

0 2.6769976 0 -0.044599842 -0.17087058 -0.1630312 -0.096177348 
Contacts 0

0 2.6782286 0 -0.044364794 -0.17095526 -0.16338971 -0.096533899 
Contacts 0

0 2.6794593 0 -0.044128806 -0.17103804 -0.16374733 -0.096890827 
Contacts 0

0 2.6806897 0 -0.04389188 -0.17111891 -0.16410406 -0.097248128 
Contacts 0

0 2.6819197 0 -0.043654021 -0.17119788 -0.1644599 -0.097605798 
Contacts 0

0 2.6831494 0 -0.043415232 -0.17127493 -0.16481483 -0.097963832 
Contacts 0

0 2.6843788 0 -0.043175517 -0.17135007 -0.16516885 -0.098322227 
Contacts 0

0 2.6856079 0 -0.042934881 -0.1714233 -0.16552194 -0.098680977 
Contacts 0

0 2.6868366 0 -0.042693327 -0.1714946 -0.16587411 -0.09904008 
Contacts 0

0 2.6880649 0 -0.042450859 -0.17156399 -0.16622534 -0.099399529 
Contacts 0

0 2.6892929 0 -0.042207481 -0.17163145 -0.16657563 -0.099759322 
Contacts 0

0 2.6905206 0 -0.041963197 -0.17169698 -0.16692496 -0.10011945 
Contacts 0

0 2.6917479 0 -0.04171801 -0.17176058 -0.16727334 -0.10047992 
Contacts 0

0 2.6929748 0 -0.041471926 -0.17182225 -0.16762075 -0.10084072 
Contacts 0

0 2.6942014 0 -0.041224948 -0.17188199 -0.16796718 -0.10120184 
Contacts 0

0 2.6954276 0 -0.040977079 -0.17193979 -0.16831263 -0.10156328 
Contacts 0

0 2.6966534 0 -0.040728324 -0.17199564 -0.16865709 -0.10192504 
Contacts 0

0 2.6978789 0 -0.040478688 -0.17204956 -0.16900055 -0.10228711 
Contacts 0

0 2.6991039 0 -0.040228173 -0.17210153 -0.169343 -0.10264949 
Contacts 0

0 2.7003286 0 -0.039976785 -0.17215155 -0.16968444 -0.10301218 
Contacts 0

0 2.701553 0 -0.039724526 -0.17219963 -0.17002486 -0.10337516 
Contacts 0

0 2.7027769 0 -0.039471402 -0.17224575 -0.17036425 -0.10373844 
Contacts 0

0 2.7040004 0 -0.039217416 -0.17228992 -0.1707026 -0.104102 
Contacts 0

0 2.7052235 0 -0.038962573 -0.17233213 -0.17103991 -0.10446585 
Contacts 0

0 2.7064463 0 -0.038706876 -0.17237238 -0.17137617 -0.10482999 
Contacts 0

0 2.7076686 0 -0.03845033 -0.17241068 -0.17171136 -0.10519439 
Contacts 0

0 2.7088906 0 -0.038192939 -0.17244701 -0.17204549 -0.10555907 
Contacts 0

0 2.7101121 0 -0.037934706 -0.17248137 -0.17237854 -0.10592402 
Contacts 0

0 2.7113332 0 -0.037675638 -0.17251377 -0.1727105 -0.10628923 
Contacts 0

0 2.7125539 0 -0.037415736 -0.1725442 -0.17304138 -0.10665469 
Contacts 0

0 2.7137742 0 -0.037155006 -0.17257266 -0.17337116 -0.10702041 
Contacts 0

0 2.7149941 0 -0.036893452 -0.17259914 -0.17369983 -0.10738638 
Contacts 0

0 2.7162135 0 -0.036631078 -0.17262365 -0.17402738 -0.10775259 
Contacts 0

0 2.7174325 0 -0.036367889 -0.17264619 -0.17435382 -0.10811903 
Contacts 0

0 2.7186511 0 -0.036103888 -0.17266674 -0.17467912 -0.10848571 
Contacts 0

0 2.7198693 0 -0.035839079 -0.17268532 -0.17500329 -0.10885262 
Contacts 0

0 2.721087 0 -0.035573468 -0.17270191 -0.17532631 -0.10921976 
Contacts 0

0 2.7223043 0 -0.035307059 -0.17271652 -0.17564818 -0.10958711 
Contacts 0

0 2.7235212 0 -0.035039855 -0.17272915 -0.17596889 -0.10995468 
Contacts 0

0 2.7247376 0 -0.034771861 -0.17273978 -0.17628843 -0.11032245 
Contacts 0

0 2.7259535 0 -0.034503081 -0.17274843 -0.1766068 -0.11069043 
Contacts 0

0 2.727169 0 -0.03423352 -0.17275509 -0.17692398 -0.11105861 
Contacts 0

0 2.7283841 0 -0.033963182 -0.17275976 -0.17723997 -0.11142699 
Contacts 0

0 2.7295987 0 -0.033692071 -0.17276244 -0.17755477 -0.11179555 
Contacts 0

0 2.7308128 0 -0.033420192 -0.17276312 -0.17786835 -0.1121643 
Contacts 0

0 2.7320265 0 -0.03314755 -0.1727618 -0.17818073 -0.11253323 
Contacts 0

0 2.7332397 0 -0.032874147 -0.17275849 -0.17849188 -0.11290233 
Contacts 0

0 2.7344524 0 -0.03259999 -0.17275318 -0.1788018 -0.1132716 
Contacts 0

0 2.7356647 0 -0.032325082 -0.17274587 -0.17911049 -0.11364104 
Contacts 0

0 2.7368765 0 -0.032049427 -0.17273656 -0.17941793 -0.11401063 
Contacts 0

0 2.7380879 0 -0.031773031 -0.17272524 -0.17972413 -0.11438039 
Contacts 0

0 2.7392987 0 -0.031495897 -0.17271193 -0.18002906 -0.11475028 
Contacts 0

0 2.7405091 0 -0.031218031 -0.17269661 -0.18033273 -0.11512033 
Contacts 0

0 2.741719 0 -0.030939435 -0.17267928 -0.18063512 -0.11549051 
Contacts 0

0 2.7429284 0 -0.030660116 -0.17265995 -0.18093623 -0.11586083 
Contacts 0

0 2.7441373 0 -0.030380077 -0.17263861 -0.18123605 -0.11623127 
Contacts 0

0 2.7453457 0 -0.030099323 -0.17261526 -0.18153457 -0.11660184 
Contacts 0

0 2.7465536 0 -0.029817859 -0.1725899 -0.18183179 -0.11697253 
Contacts 0

0 2.7477611 0 -0.029535688 -0.17256253 -0.1821277 -0.11734333 
Contacts 0

0 2.748968 0 -0.029252816 -0.17253315 -0.18242229 -0.11771423 
Contacts 0

0 2.7501744 0 -0.028969246 -0.17250176 -0.18271555 -0.11808524 
Contacts 0

0 2.7513803 0 -0.028684985 -0.17246835 -0.18300748 -0.11845635 
Contacts 0

0 2.7525858 0 -0.028400035 -0.17243293 -0.18329807 -0.11882755 
Contacts 0

0 2.7537907 0 -0.028114401 -0.1723955 -0.18358731 -0.11919883 
Contacts 0

0 2.7549951 0 -0.027828089 -0.17235605 -0.18387519 -0.1195702 
Contacts 0

0 2.7561989 0 -0.027541102 -0.17231459 -0.18416171 -0.11994164 
Contacts 0

0 2.7574023 0 -0.027253446 -0.17227111 -0.18444686 -0.12031315 
Contacts 0

0 2.7586052 0 -0.026965124 -0.17222562 -0.18473063 -0.12068473 
Contacts 0

0 2.7598075 0 -0.026676142 -0.17217811 -0.18501301 -0.12105636 
Contacts 0

0 2.7610093 0 -0.026386504 -0.17212858 -0.185294 -0.12142805 
Contacts 0

0 2.7622106 0 -0.026096214 -0.17207703 -0.18557359 -0.12179979 
Contacts 0

0 2.7634113 0 -0.025805278 -0.17202347 -0.18585177 -0.12217157 
Contacts 0

0 2.7646115 0 -0.025513699 -0.17196788 -0.18612854 -0.12254339 
Contacts 0

0 2.7658112 0 -0.025221483 -0.17191028 -0.18640388 -0.12291525 
Contacts 0

0 2.7670103 0 -0.024928634 -0.17185066 -0.18667779 -0.12328713 
Contacts 0

0 2.768209 0 -0.024635156 -0.17178902 -0.18695027 -0.12365903 
Contacts 0

0 2.769407 0 -0.024341055 -0.17172536 -0.1872213 -0.12403094 
Contacts 0

0 2.7706046 0 -0.024046335 -0.17165968 -0.18749088 -0.12440287 
Contacts 0

0 2.7718015 0 -0.023751001 -0.17159198 -0.18775901 -0.1247748 
Contacts 0

0 2.772998 0 -0.023455056 -0.17152226 -0.18802566 -0.12514672 
Contacts 0

0 2.7741939 0 -0.023158507 -0.17145053 -0.18829084 -0.12551865 
Contacts 0

0 2.7753892 0 -0.022861358 -0.17137677 -0.18855455 -0.12589055 
Contacts 0

0 2.776584 0 -0.022563613 -0.17130099 -0.18881676 -0.12626245 
Contacts 0

0 2.7777782 0 -0.022265276 -0.17122319 -0.18907748 -0.12663431 
Contacts 0

0 2.7789719 0 -0.021966354 -0.17114338 -0.1893367 -0.12700615 
Contacts 0

0 2.780165 0 -0.02166685 -0.17106154 -0.18959441 -0.12737795 
Contacts 0

0 2.7813575 0 -0.021366769 -0.17097769 -0.1898506 -0.12774972 
Contacts 0

0 2.7825495 0 -0.021066116 -0.17089182 -0.19010527 -0.12812143 
Contacts 0

0 2.7837409 0 -0.020764896 -0.17080393 -0.19035841 -0.12849309 
Contacts 0

0 2.7849318 0 -0.020463112 -0.17071402 -0.19061001 -0.1288647 
Contacts 0

0 2.7861221 0 -0.020160771 -0.1706221 -0.19086007 -0.12923624 
Contacts 0

0 2.7873118 0 -0.019857877 -0.17052815 -0.19110858 -0.12960771 
Contacts 0

0 2.7885009 0 -0.019554434 -0.17043219 -0.19135553 -0.12997911 
Contacts 0

0 2.7896895 0 -0.019250447 -0.17033422 -0.19160091 -0.13035042 
Contacts 0

0 2.7908774 0 -0.018945921 -0.17023423 -0.19184472 -0.13072165 
Contacts 0

0 2.7920649 0 -0.018640861 -0.17013222 -0.19208695 -0.13109278 
Contacts 0

0 2.7932517 0 -0.018335271 -0.17002821 -0.19232759 -0.13146381 
Contacts 0

0 2.7944379 0 -0.018029157 -0.16992217 -0.19256665 -0.13183474 
Contacts 0

0 2.7956236 0 -0.017722522 -0.16981413 -0.1928041 -0.13220556 
Contacts 0

0 2.7968086 0 -0.017415372 -0.16970407 -0.19303994 -0.13257627 
Contacts 0

0 2.7979931 0 -0.017107712 -0.169592 -0.19327417 -0.13294685 
Contacts 0

0 2.799177 0 -0.016799546 -0.16947792 -0.19350678 -0.1333173 
Contacts 0

0 2.8003603 0 -0.016490879 -0.16936183 -0.19373776 -0.13368761 
Contacts 0

0 2.801543 0 -0.016181716 -0.16924374 -0.19396711 -0.13405779 
Contacts 0

0 2.8027251 0 -0.015872062 -0.16912363 -0.19419482 -0.13442782 
Contacts 0

0 2.8039066 0 -0.015561921 -0.16900152 -0.19442088 -0.1347977 
Contacts 0

0 2.8050875 0 -0.015251298 -0.1688774 -0.19464528 -0.13516741 
Contacts 0

0 2.8062678 0 -0.014940198 -0.16875128 -0.19486803 -0.13553697 
Contacts 0

0 2.8074475 0 -0.014628626 -0.16862316 -0.1950891 -0.13590635 
Contacts 0

0 2.8086266 0 -0.014316587 -0.16849303 -0.1953085 -0.13627556 
Contacts 0

0 2.8098051 0 -0.014004085 -0.1683609 -0.19552622 -0.13664458 
Contacts 0

0 2.810983 0 -0.013691125 -0.16822677 -0.19574225 -0.13701342 
Contacts 0

0 2.8121603 0 -0.013377712 -0.16809065 -0.19595659 -0.13738206 
Contacts 0

0 2.813337 0 -0.013063851 -0.16795253 -0.19616922 -0.13775049 
Contacts 0

0 2.814513 0 -0.012749546 -0.16781241 -0.19638015 -0.13811873 
Contacts 0

0 2.8156885 0 -0.012434803 -0.16767029 -0.19658936 -0.13848674 
Contacts 0

0 2.8168633 0 -0.012119626 -0.16752619 -0.19679686 -0.13885454 
Contacts 0

0 2.8180375 0 -0.011804021 -0.16738009 -0.19700262 -0.13922211 
Contacts 0

0 2.8192111 0 -0.011487991 -0.167232 -0.19720665 -0.13958945 
Contacts 0

0 2.8203841 0 -0.011171541 -0.16708193 -0.19740894 -0.13995656 
Contacts 0

0 2.8215565 0 -0.010854678 -0.16692986 -0.19760949 -0.14032341 
Contacts 0

0 2.8227282 0 -0.010537404 -0.16677582 -0.19780828 -0.14069002 
Contacts 0

0 2.8238993 0 -0.010219726 -0.16661979 -0.19800531 -0.14105637 
Contacts 0

0 2.8250698 0 -0.0099016473 -0.16646177 -0.19820058 -0.14142246 
Contacts 0

0 2.8262397 0 -0.0095831737 -0.16630178 -0.19839407 -0.14178828 
Contacts 0

0 2.8274089 0 -0.0092643096 -0.16613981 -0.19858578 -0.14215382 
Contacts 0

0 2.8285775 0 -0.00894506 -0.16597587 -0.19877571 -0.14251908 
Contacts 0

0 2.8297455 0 -0.0086254296 -0.16580995 -0.19896385 -0.14288405 
Contacts 0

0 2.8309128 0 -0.0083054232 -0.16564205 -0.19915019 -0.14324873 
Contacts 0

0 2.8320795 0 -0.0079850457 -0.16547219 -0.19933473 -0.1436131 
Contacts 0

0 2.8332456 0 -0.007664302 -0.16530036 -0.19951746 -0.14397717 
Contacts 0

0 2.834411 0 -0.0073431967 -0.16512656 -0.19969837 -0.14434093 
Contacts 0

0 2.8355758 0 -0.0070217348 -0.1649508 -0.19987746 -0.14470436 
Contacts 0

0 2.83674 0 -0.006699921 -0.16477307 -0.20005472 -0.14506747 
Contacts 0

0 2.8379035 0 -0.0063777602 -0.16459339 -0.20023015 -0.14543025 
Contacts 0

0 2.8390664 0 -0.0060552572 -0.16441174 -0.20040374 -0.14579268 
Contacts 0

0 2.8402287 0 -0.0057324168 -0.16422815 -0.20057548 -0.14615477 
Contacts 0

0 2.8413903 0 -0.0054092439 -0.1640426 -0.20074537 -0.14651651 
Contacts 0

0 2.8425512 0 -0.0050857432 -0.16385509 -0.2009134 -0.14687789 
Contacts 0

0 2.8437115 0 -0.0047619195 -0.16366564 -0.20107957 -0.14723891 
Contacts 0

0 2.8448712 0 -0.0044377777 -0.16347425 -0.20124386 -0.14759955 
Contacts 0

0 2.8460302 0 -0.0041133226 -0.16328091 -0.20140628 -0.14795982 
Contacts 0

0 2.8471886 0 -0.003788559 -0.16308563 -0.20156682 -0.1483197 
Contacts 0

0 2.8483463 0 -0.0034634917 -0.16288841 -0.20172547 -0.14867919 
Contacts 0

0 2.8495034 0 -0.0031381255 -0.16268925 -0.20188223 -0.14903829 
Contacts 0

0 2.8506598 0 -0.0028124652 -0.16248816 -0.20203708 -0.14939698 
Contacts 0

0 2.8518156 0 -0.0024865156 -0.16228514 -0.20219003 -0.14975526 
Contacts 0

0 2.8529707 0 -0.0021602815 -0.16208019 -0.20234108 -0.15011312 
Contacts 0

0 2.8541252 0 -0.0018337677 -0.16187332 -0.2024902 -0.15047056 
Contacts 0

0 2.855279 0 -0.001506979 -0.16166452 -0.2026374 -0.15082757 
Contacts 0

0 2.8564322 0 -0.0011799202 -0.1614538 -0.20278268 -0.15118415 
Contacts 0

0 2.8575847 0 -0.00085259607 -0.16124117 -0.20292602 -0.15154028 
Contacts 0

0 2.8587365 0 -0.00052501138 -0.16102662 -0.20306742 -0.15189596 
Contacts 0

0 2.8598877 0 -0.00019717093 -0.16081016 -0.20320688 -0.15225118 
Contacts 0

0 2.8610382 0 0.00013092051 -0.16059179 -0.20334439 -0.15260594 
Contacts 0

0 2.8621881 0 0.00045925816 -0.16037152 -0.20347994 -0.15296024 
Contacts 0

0 2.8633373 0 0.00078783725 -0.16014934 -0.20361353 -0.15331405 
Contacts 0

0 2.8644859 0 0.001116653 -0.15992527 -0.20374515 -0.15366738 
Contacts 0

0 2.8656338 0 0.0014457007 -0.1596993 -0.2038748 -0.15402023 
Contacts 0

0 2.866781 0 0.0017749755 -0.15947144 -0.20400248 -0.15437258 
Contacts 0

0 2.8679275 0 0.0021044728 -0.15924168 -0.20412817 -0.15472442 
Contacts 0

0 2.8690734 0 0.0024341877 -0.15901004 -0.20425188 -0.15507576 
Contacts 0

0 2.8702187 0 0.0027641154 -0.15877652 -0.20437359 -0.15542658 
Contacts 0

0 2.8713632 0 0.0030942514 -0.15854111 -0.2044933 -0.15577688 
Contacts 0

0 2.8725071 0 0.0034245908 -0.15830383 -0.20461102 -0.15612665 
Contacts 0

0 2.8736504 0 0.0037551288 -0.15806468 -0.20472672 -0.15647588 
Contacts 0

0 2.8747929 0 0.0040858609 -0.15782366 -0.20484041 -0.15682457 
Contacts 0

0 2.8759348 0 0.0044167821 -0.15758077 -0.20495207 -0.15717271 
Contacts 0

0 2.8770761 0 0.0047478879 -0.15733601 -0.20506172 -0.1575203 
Contacts 0

0 2.8782166 0 0.0050791735 -0.1570894 -0.20516934 -0.15786732 
Contacts 0

0 2.8793565 0 0.0054106343 -0.15684093 -0.20527492 -0.15821377 
Contacts 0

0 2.8804958 0 0.0057422654 -0.15659061 -0.20537846 -0.15855965 
Contacts 0

0 2.8816343 0 0.0060740622 -0.15633844 -0.20547996 -0.15890495 
Contacts 0

0 2.8827722 0 0.0064060201 -0.15608443 -0.20557941 -0.15924965 
Contacts 0

0 2.8839094 0 0.0067381343 -0.15582857 -0.20567681 -0.15959376 
Contacts 0

0 2.8850459 0 0.0070704002 -0.15557088 -0.20577215 -0.15993726 
Contacts 0

0 2.8861818 0 0.0074028131 -0.15531135 -0.20586543 -0.16028016 
Contacts 0

0 2.887317 0 0.0077353683 -0.15504999 -0.20595664 -0.16062244 
Contacts 0

0 2.8884515 0 0.0080680611 -0.15478681 -0.20604577 -0.16096409 
Contacts 0

0 2.8895854 0 0.008400887 -0.1545218 -0.20613283 -0.16130512 
Contacts 0

0 2.8907185 0 0.0087338413 -0.15425498 -0.20621781 -0.16164551 
Contacts 0

0 2.891851 0 0.0090669193 -0.15398634 -0.2063007 -0.16198525 
Contacts 0

0 2.8929829 0 0.0094001164 -0.15371589 -0.2063815 -0.16232434 
Contacts 0

0 2.894114 0 0.009733428 -0.15344364 -0.2064602 -0.16266278 
Contacts 0

0 2.8952445 0 0.010066849 -0.15316958 -0.2065368 -0.16300055 
Contacts 0

0 2.8963743 0 0.010400376 -0.15289373 -0.2066113 -0.16333766 
Contacts 0

0 2.8975034 0 0.010734004 -0.15261608 -0.20668369 -0.16367408 
Contacts 0

0 2.8986318 0 0.011067727 -0.15233664 -0.20675397 -0.16400982 
Contacts 0

0 2.8997596 0 0.011401542 -0.15205542 -0.20682213 -0.16434487 
Contacts 0

0 2.9008867 0 0.011735444 -0.15177241 -0.20688817 -0.16467922 
Contacts 0

0 2.9020131 0 0.012069428 -0.15148763 -0.20695208 -0.16501287 
Contacts 0

0 2.9031389 0 0.01240349 -0.15120107 -0.20701386 -0.1653458 
Contacts 0

0 2.9042639 0 0.012737625 -0.15091275 -0.2070735 -0.16567801 
Contacts 0

0 2.9053883 0 0.013071829 -0.15062266 -0.20713101 -0.1660095 
Contacts 0

0 2.906512 0 0.013406097 -0.15033081 -0.20718637 -0.16634026 
Contacts 0

0 2.907635 0 0.013740424 -0.15003721 -0.20723959 -0.16667028 
Contacts 0

0 2.9087574 0 0.014074807 -0.14974186 -0.20729066 -0.16699955 
Contacts 0

0 2.9098791 0 0.01440924 -0.14944476 -0.20733957 -0.16732807 
Contacts 0

0 2.911 0 0.014743719 -0.14914592 -0.20738632 -0.16765584 
Contacts 0

0 2.9121204 0 0.01507824 -0.14884534 -0.20743091 -0.16798283 
Contacts 0

0 2.91324 0 0.015412798 -0.14854303 -0.20747333 -0.16830905 
Contacts 0

0 2.914359 0 0.015747388 -0.148239 -0.20751358 -0.16863449 
Contacts 0

0 2.9154772 0 0.016082007 -0.14793324 -0.20755166 -0.16895915 
Contacts 0

0 2.9165948 0 0.01641665 -0.14762576 -0.20758756 -0.16928301 
Contacts 0

0 2.9177118 0 0.016751311 -0.14731657 -0.20762128 -0.16960607 
Contacts 0

0 2.918828 0 0.017085988 -0.14700567 -0.20765281 -0.16992832 
Contacts 0

0 2.9199436 0 0.017420675 -0.14669307 -0.20768215 -0.17024976 
Contacts 0

0 2.9210585 0 0.017755367 -0.14637876 -0.2077093 -0.17057038 
Contacts 0

0 2.9221727 0 0.018090062 -0.14606277 -0.20773425 -0.17089016 
Contacts 0

0 2.9232862 0 0.018424753 -0.14574508 -0.20775701 -0.17120912 
Contacts 0

0 2.9243991 0 0.018759438 -0.14542571 -0.20777756 -0.17152723 
Contacts 0

0 2.9255113 0 0.019094111 -0.14510467 -0.2077959 -0.1718445 
Contacts 0

0 2.9266228 0 0.019428768 -0.14478194 -0.20781204 -0.17216091 
Contacts 0

0 2.9277336 0 0.019763404 -0.14445755 -0.20782596 -0.17247645 
Contacts 0

0 2.9288437 0 0.020098016 -0.1441315 -0.20783766 -0.17279113 
Contacts 0

0 2.9299532 0 0.020432599 -0.14380379 -0.20784714 -0.17310493 
Contacts 0

0 2.931062 0 0.020767149 -0.14347442 -0.2078544 -0.17341785 
Contacts 0

0 2.9321701 0 0.021101661 -0.1431434 -0.20785944 -0.17372988 
Contacts 0

0 2.9332775 0 0.021436132 -0.14281075 -0.20786224 -0.17404102 
Contacts 0

0 2.9343843 0 0.021770556 -0.14247645 -0.20786282 -0.17435125 
Contacts 0

0 2.9354904 0 0.022104929 -0.14214052 -0.20786115 -0.17466057 
Contacts 0

0 2.9365958 0 0.022439249 -0.14180297 -0.20785725 -0.17496897 
Contacts 0

0 2.9377005 0 0.022773509 -0.14146379 -0.20785111 -0.17527645 
Contacts 0

0 2.9388046 0 0.023107705 -0.14112299 -0.20784272 -0.175583 
Contacts 0

0 2.939908 0 0.023441835 -0.14078059 -0.20783209 -0.17588861 
Contacts 0

0 2.9410107 0 0.023775893 -0.14043658 -0.2078192 -0.17619328 
Contacts 0

0 2.9421127 0 0.024109875 -0.14009097 -0.20780406 -0.176497 
Contacts 0

0 2.9432141 0 0.024443777 -0.13974376 -0.20778667 -0.17679975 
Contacts 0

0 2.9443148 0 0.024777595 -0.13939497 -0.20776702 -0.17710155 
Contacts 0

0 2.9454148 0 0.025111324 -0.13904459 -0.20774511 -0.17740237 
Contacts 0

0 2.9465141 0 0.025444961 -0.13869263 -0.20772093 -0.17770222 
Contacts 0

0 2.9476128 0 0.025778502 -0.13833911 -0.20769449 -0.17800108 
Contacts 0

0 2.9487108 0 0.026111942 -0.13798401 -0.20766578 -0.17829895 
Contacts 0

0 2.9498081 0 0.026445276 -0.13762735 -0.2076348 -0.17859582 
Contacts 0

0 2.9509047 0 0.026778502 -0.13726914 -0.20760154 -0.17889168 
Contacts 0

0 2.9520007 0 0.027111615 -0.13690938 -0.20756601 -0.17918653 
Contacts 0

0 2.953096 0 0.027444611 -0.13654808 -0.2075282 -0.17948037 
Contacts 0

0 2.9541907 0 0.027777485 -0.13618524 -0.20748811 -0.17977317 
Contacts 0

0 2.9552847 0 0.028110235 -0.13582086 -0.20744574 -0.18006495 
Contacts 0

0 2.956378 0 0.028442855 -0.13545496 -0.20740109 -0.18035568 
Contacts 0

0 2.9574706 0 0.028775341 -0.13508754 -0.20735414 -0.18064537 
Contacts 0

0 2.9585626 0 0.029107691 -0.13471861 -0.20730491 -0.18093401 
Contacts 0

0 2.9596539 0 0.029439899 -0.13434816 -0.20725339 -0.18122159 
Contacts 0

0 2.9607445 0 0.029771963 -0.13397622 -0.20719957 -0.1815081 
Contacts 0

0 2.9618345 0 0.030103876 -0.13360277 -0.20714346 -0.18179354 
Contacts 0

0 2.9629237 0 0.030435637 -0.13322784 -0.20708505 -0.1820779 
Contacts 0

0 2.9640124 0 0.030767241 -0.13285142 -0.20702435 -0.18236118 
Contacts 0

0 2.9651004 0 0.031098684 -0.13247353 -0.20696134 -0.18264336 
Contacts 0

0 2.9661877 0 0.031429962 -0.13209416 -0.20689603 -0.18292444 
Contacts 0

0 2.9672743 0 0.031761071 -0.13171333 -0.20682842 -0.18320441 
Contacts 0

0 2.9683603 0 0.032092008 -0.13133103 -0.2067585 -0.18348328 
Contacts 0

0 2.9694456 0 0.032422768 -0.13094728 -0.20668628 -0.18376102 
Contacts 0

0 2.9705303 0 0.032753348 -0.13056209 -0.20661174 -0.18403763 
Contacts 0

0 2.9716143 0 0.033083744 -0.13017545 -0.2065349 -0.18431312 
Contacts 0

0 2.9726976 0 0.033413951 -0.12978738 -0.20645574 -0.18458746 
Contacts 0

0 2.9737803 0 0.033743968 -0.12939788 -0.20637427 -0.18486066 
Contacts 0

0 2.9748623 0 0.034073788 -0.12900696 -0.20629049 -0.1851327 
Contacts 0

0 2.9759437 0 0.034403409 -0.12861462 -0.20620439 -0.18540359 
Contacts 0

0 2.9770244 0 0.034732828 -0.12822087 -0.20611598 -0.18567331 
Contacts 0

0 2.9781044 0 0.035062039 -0.12782571 -0.20602524 -0.18594186 
Contacts 0

0 2.9791838 0 0.03539104 -0.12742917 -0.20593219 -0.18620922 
Contacts 0

0 2.9802625 0 0.035719827 -0.12703123 -0.20583681 -0.18647541 
Contacts 0

0 2.9813406 0 0.036048396 -0.1266319 -0.20573912 -0.1867404 
Contacts 0

0 2.9824181 0 0.036376744 -0.1262312 -0.2056391 -0.18700419 
Contacts 0

0 2.9834948 0 0.036704866 -0.12582913 -0.20553676 -0.18726677 
Contacts 0

0 2.984571 0 0.03703276 -0.12542569 -0.20543209 -0.18752815 
Contacts 0

0 2.9856464 0 0.037360421 -0.1250209 -0.2053251 -0.1877883 
Contacts 0

0 2.9867213 0 0.037687846 -0.12461475 -0.20521578 -0.18804723 
Contacts 0

0 2.9877954 0 0.038015032 -0.12420726 -0.20510413 -0.18830493 
Contacts 0

0 2.988869 0 0.038341974 -0.12379843 -0.20499016 -0.1885614 
Contacts 0

0 2.9899419 0 0.03866867 -0.12338827 -0.20487386 -0.18881661 
Contacts 0

0 2.9910141 0 0.038995115 -0.12297678 -0.20475523 -0.18907058 
Contacts 0

0 2.9920857 0 0.039321307 -0.12256398 -0.20463427 -0.18932329 
Contacts 0

0 2.9931566 0 0.039647242 -0.12214986 -0.20451098 -0.18957474 
Contacts 0

0 2.9942269 0 0.039972916 -0.12173444 -0.20438536 -0.18982491 
Contacts 0

0 2.9952966 0 0.040298325 -0.12131773 -0.2042574 -0.19007381 
Contacts 0

0 2.9963656 0 0.040623467 -0.12089972 -0.20412712 -0.19032143 
Contacts 0

0 2.997434 0 0.040948338 -0.12048042 -0.20399451 -0.19056776 
Contacts 0

0 2.9985017 0 0.041272934 -0.12005985 -0.20385956 -0.19081279 
Contacts 0

0 2.9995688 0 0.041597253 -0.11963801 -0.20372228 -0.19105652 
Contacts 0

0 3.0006353 0 0.04192129 -0.1192149 -0.20358267 -0.19129895 
Contacts 0

0 3.0017011 0 0.042245043 -0.11879054 -0.20344072 -0.19154006 
Contacts 0

0 3.0027663 0 0.042568508 -0.11836493 -0.20329645 -0.19177985 
Contacts 0

0 3.0038308 0 0.042891681 -0.11793807 -0.20314984 -0.19201831 
Contacts 0

0 3.0048948 0 0.04321456 -0.11750998 -0.2030009 -0.19225544 
Contacts 0

0 3.0059581 0 0.043537141 -0.11708066 -0.20284962 -0.19249123 
Contacts 0

0 3.0070207 0 0.043859421 -0.11665011 -0.20269602 -0.19272567 
Contacts 0

0 3.0080827 0 0.044181397 -0.11621835 -0.20254008 -0.19295876 
Contacts 0

0 3.0091441 0 0.044503065 -0.11578539 -0.20238181 -0.1931905 
Contacts 0

0 3.0102049 0 0.044824422 -0.11535122 -0.20222121 -0.19342087 
Contacts 0

0 3.011265 0 0.045145465 -0.11491585 -0.20205828 -0.19364987 
Contacts 0

0 3.0123245 0 0.045466191 -0.1144793 -0.20189301 -0.19387749 
Contacts 0

0 3.0133834 0 0.045786597 -0.11404157 -0.20172542 -0.19410374 
Contacts 0

0 3.0144417 0 0.046106679 -0.11360267 -0.2015555 -0.19432859 
Contacts 0

0 3.0154993 0 0.046426435 -0.1131626 -0.20138324 -0.19455205 
Contacts 0

0 3.0165563 0 0.046745861 -0.11272137 -0.20120866 -0.19477411 
Contacts 0

0 3.0176127 0 0.047064954 -0.11227899 -0.20103175 -0.19499476 
Contacts 0

0 3.0186685 0 0.047383711 -0.11183547 -0.20085252 -0.195214 
Contacts 0

0 3.0197237 0 0.04770213 -0.11139081 -0.20067095 -0.19543182 
Contacts 0

0 3.0207782 0 0.048020207 -0.11094502 -0.20048706 -0.19564821 
Contacts 0

0 3.0218321 0 0.048337938 -0.1104981 -0.20030085 -0.19586318 
Contacts 0

0 3.0228854 0 0.048655322 -0.11005008 -0.20011231 -0.1960767 
Contacts 0

0 3.0239381 0 0.048972355 -0.10960094 -0.19992145 -0.19628879 
Contacts 0

0 3.0249902 0 0.049289035 -0.1091507 -0.19972827 -0.19649943 
Contacts 0

0 3.0260417 0 0.049605357 -0.10869937 -0.19953277 -0.19670861 
Contacts 0

0 3.0270925 0 0.04992132 -0.10824695 -0.19933494 -0.19691633 
Contacts 0

0 3.0281428 0 0.050236921 -0.10779345 -0.1991348 -0.19712259 
Contacts 0

0 3.0291924 0 0.050552156 -0.10733888 -0.19893234 -0.19732738 
Contacts 0

0 3.0302415 0 0.050867023 -0.10688325 -0.19872757 -0.19753069 
Contacts 0

0 3.0312899 0 0.051181519 -0.10642655 -0.19852048 -0.19773251 
Contacts 0

0 3.0323377 0 0.051495641 -0.10596881 -0.19831108 -0.19793285 
Contacts 0

0 3.033385 0 0.051809387 -0.10551003 -0.19809936 -0.19813169 
Contacts 0

0 3.0344316 0 0.052122753 -0.10505021 -0.19788534 -0.19832903 
Contacts 0

0 3.0354776 0 0.052435737 -0.10458936 -0.197669 -0.19852486 
Contacts 0

0 3.036523 0 0.052748336 -0.1041275 -0.19745036 -0.19871919 
Contacts 0

0 3.0375678 0 0.053060548 -0.10366462 -0.19722941 -0.19891199 
Contacts 0

0 3.0386121 0 0.053372369 -0.10320073 -0.19700616 -0.19910328 
Contacts 0

0 3.0396557 0 0.053683798 -0.10273585 -0.19678061 -0.19929303 
Contacts 0

0 3.0406987 0 0.053994831 -0.10226998 -0.19655276 -0.19948125 
Contacts 0

0 3.0417412 0 0.054305465 -0.10180312 -0.19632261 -0.19966793 
Contacts 0

0 3.042783 0 0.054615699 -0.10133529 -0.19609016 -0.19985307 
Contacts 0

0 3.0438243 0 0.05492553 -0.10086649 -0.19585541 -0.20003665 
Contacts 0

0 3.044865 0 0.055234955 -0.10039673 -0.19561838 -0.20021868 
Contacts 0

0 3.045905 0 0.055543971 -0.099926019 -0.19537905 -0.20039915 
Contacts 0

0 3.0469445 0 0.055852577 -0.099454361 -0.19513744 -0.20057805 
Contacts 0

0 3.0479835 0 0.056160768 -0.098981765 -0.19489354 -0.20075538 
Contacts 0

0 3.0490218 0 0.056468544 -0.098508239 -0.19464735 -0.20093113 
Contacts 0

0 3.0500595 0 0.056775902 -0.09803379 -0.19439889 -0.2011053 
Contacts 0

0 3.0510967 0 0.057082838 -0.097558425 -0.19414814 -0.20127788 
Contacts 0

0 3.0521333 0 0.057389352 -0.097082153 -0.19389512 -0.20144886 
Contacts 0

0 3.0531693 0 0.05769544 -0.096604981 -0.19363982 -0.20161825 
Contacts 0

0 3.0542047 0 0.058001099 -0.096126917 -0.19338225 -0.20178604 
Contacts 0

0 3.0552396 0 0.058306329 -0.095647968 -0.19312241 -0.20195221 
Contacts 0

0 3.0562739 0 0.058611125 -0.095168141 -0.1928603 -0.20211677 
Contacts 0

0 3.0573076 0 0.058915487 -0.094687445 -0.19259593 -0.20227971 
Contacts 0

0 3.0583407 0 0.059219411 -0.094205887 -0.1923293 -0.20244103 
Contacts 0

0 3.0593733 0 0.059522896 -0.093723474 -0.19206041 -0.20260072 
Contacts 0

0 3.0604053 0 0.059825939 -0.093240215 -0.19178926 -0.20275877 
Contacts 0

0 3.0614367 0 0.060128538 -0.092756117 -0.19151586 -0.20291518 
Contacts 0

0 3.0624676 0 0.060430691 -0.092271187 -0.19124021 -0.20306995 
Contacts 0

0 3.0634979 0 0.060732395 -0.091785433 -0.19096231 -0.20322307 
Contacts 0

0 3.0645277 0 0.061033649 -0.091298863 -0.19068216 -0.20337453 
Contacts 0

0 3.0655568 0 0.061334449 -0.090811485 -0.19039978 -0.20352434 
Contacts 0

0 3.0665855 0 0.061634796 -0.090323306 -0.19011516 -0.20367248 
Contacts 0

0 3.0676135 0 0.061934685 -0.089834333 -0.1898283 -0.20381895 
Contacts 0

0 3.068641 0 0.062234115 -0.089344576 -0.18953921 -0.20396374 
Contacts 0

0 3.069668 0 0.062533084 -0.08885404 -0.18924789 -0.20410686 
Contacts 0

0 3.0706944 0 0.06283159 -0.088362734 -0.18895434 -0.2042483 
Contacts 0

0 3.0717202 0 0.063129631 -0.087870667 -0.18865857 -0.20438804 
Contacts 0

0 3.0727455 0 0.063427204 -0.087377844 -0.18836059 -0.2045261 
Contacts 0

0 3.0737702 0 0.063724309 -0.086884274 -0.18806039 -0.20466246 
Contacts 0

0 3.0747944 0 0.064020943 -0.086389965 -0.18775797 -0.20479711 
Contacts 0

0 3.0758181 0 0.064317103 -0.085894925 -0.18745335 -0.20493006 
Contacts 0

0 3.0768412 0 0.064612789 -0.085399161 -0.18714652 -0.20506129 
Contacts 0

0 3.0778637 0 0.064907998 -0.08490268 -0.1868375 -0.20519082 
Contacts 0

0 3.0788857 0 0.065202729 -0.084405491 -0.18652627 -0.20531862 
Contacts 0

0 3.0799072 0 0.065496979 -0.083907602 -0.18621285 -0.20544469 
Contacts 0

0 3.0809281 0 0.065790747 -0.083409019 -0.18589725 -0.20556904 
Contacts 0

0 3.0819485 0 0.066084031 -0.082909751 -0.18557945 -0.20569165 
Contacts 0

0 3.0829684 0 0.06637683 -0.082409806 -0.18525948 -0.20581253 
Contacts 0

0 3.0839877 0 0.06666914 -0.081909191 -0.18493732 -0.20593166 
Contacts 0

0 3.0850065 0 0.066960962 -0.081407913 -0.184613 -0.20604905 
Contacts 0

0 3.0860247 0 0.067252292 -0.080905982 -0.1842865 -0.20616468 
Contacts 0

0 3.0870425 0 0.06754313 -0.080403403 -0.18395783 -0.20627856 
Contacts 0

0 3.0880597 0 0.067833473 -0.079900186 -0.18362701 -0.20639069 
Contacts 0

0 3.0890763 0 0.068123321 -0.079396338 -0.18329403 -0.20650104 
Contacts 0

0 3.0900925 0 0.068412671 -0.078891866 -0.18295889 -0.20660963 
Contacts 0

0 3.0911081 0 0.068701522 -0.078386778 -0.1826216 -0.20671645 
Contacts 0

0 3.0921232 0 0.068989872 -0.077881082 -0.18228217 -0.2068215 
Contacts 0

0 3.0931377 0 0.06927772 -0.077374786 -0.1819406 -0.20692476 
Contacts 0

0 3.0941518 0 0.069565064 -0.076867898 -0.1815969 -0.20702624 
Contacts 0

0 3.0951653 0 0.069851903 -0.076360424 -0.18125106 -0.20712594 
Contacts 0

0 3.0961783 0 0.070138235 -0.075852374 -0.1809031 -0.20722384 
Contacts 0

0 3.0971908 0 0.070424058 -0.075343754 -0.18055301 -0.20731995 
Contacts 0

0 3.0982028 0 0.070709372 -0.074834572 -0.1802008 -0.20741425 
Contacts 0

0 3.0992143 0 0.070994175 -0.074324836 -0.17984649 -0.20750676 
Contacts 0

0 3.1002252 0 0.071278465 -0.073814555 -0.17949006 -0.20759746 
Contacts 0

0 3.1012357 0 0.071562242 -0.073303734 -0.17913153 -0.20768635 
Contacts 0

0 3.1022456 0 0.071845503 -0.072792382 -0.1787709 -0.20777342 
Contacts 0

0 3.103255 0 0.072128248 -0.072280508 -0.17840818 -0.20785868 
Contacts 0

0 3.104264 0 0.072410474 -0.071768118 -0.17804337 -0.20794211 
Contacts 0

0 3.1052724 0 0.072692182 -0.07125522 -0.17767648 -0.20802372 
Contacts 0

0 3.1062803 0 0.072973369 -0.070741822 -0.17730751 -0.2081035 
Contacts 0

0 3.1072877 0 0.073254034 -0.070227931 -0.17693646 -0.20818146 
Contacts 0

0 3.1082946 0 0.073534177 -0.069713556 -0.17656334 -0.20825757 
Contacts 0

0 3.1093011 0 0.073813795 -0.069198703 -0.17618816 -0.20833185 
Contacts 0

0 3.110307 0 0.074092888 -0.068683381 -0.17581092 -0.20840428 
Contacts 0

0 3.1113124 0 0.074371455 -0.068167598 -0.17543163 -0.20847487 
Contacts 0

0 3.1123173 0 0.074649494 -0.06765136 -0.17505029 -0.20854361 
Contacts 0

0 3.1133218 0 0.074927004 -0.067134676 -0.17466691 -0.2086105 
Contacts 0

0 3.1143257 0 0.075203985 -0.066617553 -0.17428149 -0.20867553 
Contacts 0

0 3.1153292 0 0.075480434 -0.066099998 -0.17389404 -0.20873871 
Contacts 0

0 3.1163322 0 0.075756352 -0.06558202 -0.17350456 -0.20880002 
Contacts 0

0 3.1173347 0 0.076031737 -0.065063626 -0.17311307 -0.20885947 
Contacts 0

0 3.1183367 0 0.076306588 -0.064544824 -0.17271955 -0.20891705 
Contacts 0

0 3.1193382 0 0.076580904 -0.064025621 -0.17232403 -0.20897276 
Contacts 0

0 3.1203392 0 0.076854684 -0.063506025 -0.1719265 -0.2090266 
Contacts 0

0 3.1213398 0 0.077127927 -0.062986043 -0.17152698 -0.20907856 
Contacts 0

0 3.1223398 0 0.077400633 -0.062465683 -0.17112546 -0.20912864 
Contacts 0

0 3.1233394 0 0.0776728 -0.061944953 -0.17072195 -0.20917684 
Contacts 0

0 3.1243386 0 0.077944427 -0.06142386 -0.17031646 -0.20922316 
Contacts 0

0 3.1253372 0 0.078215515 -0.060902412 -0.169909 -0.20926759 
Contacts 0

0 3.1263354 0 0.078486061 -0.060380616 -0.16949957 -0.20931012 
Contacts 0

0 3.1273331 0 0.078756064 -0.05985848 -0.16908817 -0.20935076 
Contacts 0

0 3.1283303 0 0.079025526 -0.059336011 -0.16867482 -0.20938951 
Contacts 0

0 3.1293271 0 0.079294443 -0.058813216 -0.16825952 -0.20942636 
Contacts 0

0 3.1303234 0 0.079562816 -0.058290104 -0.16784227 -0.20946131 
Contacts 0

0 3.1313192 0 0.079830645 -0.057766682 -0.16742308 -0.20949435 
Contacts 0

0 3.1323146 0 0.080097927 -0.057242958 -0.16700195 -0.20952549 
Contacts 0

0 3.1333095 0 0.080364663 -0.056718938 -0.1665789 -0.20955472 
Contacts 0

0 3.1343039 0 0.080630852 -0.05619463 -0.16615393 -0.20958204 
Contacts 0

0 3.1352979 0 0.080896494 -0.055670042 -0.16572705 -0.20960744 
Contacts 0

0 3.1362914 0 0.081161587 -0.055145181 -0.16529825 -0.20963093 
Contacts 0

0 3.1372845 0 0.081426131 -0.054620054 -0.16486756 -0.20965251 
Contacts 0

0 3.1382771 0 0.081690126 -0.05409467 -0.16443497 -0.20967216 
Contacts 0

0 3.1392693 0 0.08195357 -0.053569035 -0.16400049 -0.20968989 
Contacts 0

0 3.140261 0 0.082216464 -0.053043156 -0.16356412 -0.2097057 
Contacts 0

0 3.1412522 0 0.082478807 -0.052517042 -0.16312588 -0.20971958 
Contacts 0

0 3.142243 0 0.082740598 -0.051990699 -0.16268578 -0.20973153 
Contacts 0

0 3.1432334 0 0.083001838 -0.051464135 -0.1622438 -0.20974155 
Contacts 0

0 3.1442233 0 0.083262524 -0.050937357 -0.16179997 -0.20974964 
Contacts 0

0 3.1452128 0 0.083522658 -0.050410373 -0.1613543 -0.20975579 
Contacts 0

0 3.1462018 0 0.083782239 -0.049883189 -0.16090677 -0.20976001 
Contacts 0

0 3.1471903 0 0.084041265 -0.049355814 -0.16045742 -0.20976229 
Contacts 0

0 3.1481785 0 0.084299738 -0.048828254 -0.16000623 -0.20976264 
Contacts 0

0 3.1491662 0 0.084557656 -0.048300517 -0.15955322 -0.20976104 
Contacts 0

0 3.1501534 0 0.084815019 -0.047772609 -0.15909839 -0.20975749 
Contacts 0

0 3.1511402 0 0.085071828 -0.047244539 -0.15864175 -0.20975201 
Contacts 0

0 3.1521266 0 0.085328081 -0.046716313 -0.15818332 -0.20974457 
Contacts 0

0 3.1531125 0 0.085583778 -0.046187938 -0.15772308 -0.20973519 
Contacts 0

0 3.154098 0 0.085838919 -0.045659422 -0.15726106 -0.20972386 
Contacts 0

0 3.1550831 0 0.086093505 -0.045130772 -0.15679726 -0.20971058 
Contacts 0

0 3.1560678 0 0.086347534 -0.044601996 -0.15633168 -0.20969534 
Contacts 0

0 3.157052 0 0.086601006 -0.044073099 -0.15586433 -0.20967815 
Contacts 0

0 3.1580358 0 0.086853922 -0.04354409 -0.15539523 -0.20965901 
Contacts 0

0 3.1590191 0 0.087106281 -0.043014975 -0.15492437 -0.20963791 
Contacts 0

0 3.160002 0 0.087358084 -0.042485762 -0.15445177 -0.20961486 
Contacts 0

0 3.1609846 0 0.087609329 -0.041956457 -0.15397742 -0.20958984 
Contacts 0

0 3.1619666 0 0.087860017 -0.041427068 -0.15350135 -0.20956287 
Contacts 0

0 3.1629483 0 0.088110148 -0.040897602 -0.15302355 -0.20953393 
Contacts 0

0 3.1639295 0 0.088359721 -0.040368065 -0.15254404 -0.20950304 
Contacts 0

0 3.1649104 0 0.088608738 -0.039838466 -0.15206281 -0.20947018 
Contacts 0

0 3.1658908 0 0.088857197 -0.03930881 -0.15157989 -0.20943535 
Contacts 0

0 3.1668708 0 0.089105099 -0.038779104 -0.15109527 -0.20939856 
Contacts 0

0 3.1678503 0 0.089352444 -0.038249356 -0.15060896 -0.20935981 
Contacts 0

0 3.1688295 0 0.089599231 -0.037719573 -0.15012097 -0.20931909 
Contacts 0

0 3.1698082 0 0.089845462 -0.037189761 -0.14963131 -0.2092764 
Contacts 0

0 3.1707866 0 0.090091135 -0.036659928 -0.14913999 -0.20923175 
Contacts 0

0 3.1717645 0 0.090336252 -0.03613008 -0.14864701 -0.20918512 
Contacts 0

0 3.172742 0 0.090580812 -0.035600224 -0.14815238 -0.20913653 
Contacts 0

0 3.1737191 0 0.090824815 -0.035070367 -0.1476561 -0.20908597 
Contacts 0

0 3.1746958 0 0.091068262 -0.034540515 -0.1471582 -0.20903343 
Contacts 0

0 3.1756721 0 0.091311152 -0.034010676 -0.14665866 -0.20897893 
Contacts 0

0 3.176648 0 0.091553487 -0.033480857 -0.14615751 -0.20892245 
Contacts 0

0 3.1776235 0 0.091795266 -0.032951063 -0.14565475 -0.20886401 
Contacts 0

0 3.1785985 0 0.092036489 -0.032421302 -0.14515038 -0.20880359 
Contacts 0

0 3.1795732 0 0.092277157 -0.031891581 -0.14464442 -0.2087412 
Contacts 0

0 3.1805475 0 0.092517269 -0.031361906 -0.14413687 -0.20867683 
Contacts 0

0 3.1815214 0 0.092756827 -0.030832284 -0.14362774 -0.2086105 
Contacts 0

0 3.1824949 0 0.092995831 -0.030302721 -0.14311704 -0.20854219 
Contacts 0

0 3.183468 0 0.093234281 -0.029773224 -0.14260478 -0.2084719 
Contacts 0

0 3.1844407 0 0.093472176 -0.0292438 -0.14209096 -0.20839965 
Contacts 0

0 3.185413 0 0.093709519 -0.028714455 -0.14157559 -0.20832542 
Contacts 0

0 3.1863849 0 0.093946308 -0.028185197 -0.14105868 -0.20824922 
Contacts 0

0 3.1873564 0 0.094182545 -0.02765603 -0.14054024 -0.20817104 
Contacts 0

0 3.1883275 0 0.094418229 -0.027126963 -0.14002027 -0.2080909 
Contacts 0

0 3.1892982 0 0.094653362 -0.026598001 -0.13949879 -0.20800878 
Contacts 0

0 3.1902686 0 0.094887944 -0.02606915 -0.1389758 -0.20792468 
Contacts 0

0 3.1912385 0 0.095121975 -0.025540418 -0.13845131 -0.20783862 
Contacts 0

0 3.1922081 0 0.095355456 -0.025011811 -0.13792533 -0.20775058 
Contacts 0

0 3.1931773 0 0.095588386 -0.024483335 -0.13739786 -0.20766057 
Contacts 0

0 3.1941461 0 0.095820768 -0.023954997 -0.13686892 -0.2075686 
Contacts 0

0 3.1951145 0 0.096052601 -0.023426802 -0.13633852 -0.20747465 
Contacts 0

0 3.1960825 0 0.096283885 -0.022898757 -0.13580665 -0.20737873 
Contacts 0

0 3.1970502 0 0.096514623 -0.02237087 -0.13527333 -0.20728084 
Contacts 0

0 3.1980175 0 0.096744813 -0.021843144 -0.13473857 -0.20718098 
Contacts 0

0 3.1989844 0 0.096974456 -0.021315588 -0.13420238 -0.20707915 
Contacts 0

0 3.1999509 0 0.097203554 -0.020788207 -0.13366476 -0.20697536 
Contacts 0

0 3.200917 0 0.097432107 -0.020261008 -0.13312572 -0.20686959 
Contacts 0

0 3.2018828 0 0.097660116 -0.019733996 -0.13258528 -0.20676187 
Contacts 0

0 3.2028481 0 0.097887581 -0.019207178 -0.13204343 -0.20665217 
Contacts 0

0 3.2038132 0 0.098114502 -0.01868056 -0.13150019 -0.20654051 
Contacts 0

0 3.2047778 0 0.098340882 -0.018154148 -0.13095557 -0.20642689 
Contacts 0

0 3.2057421 0 0.09856672 -0.017627948 -0.13040957 -0.20631131 
Contacts 0

0 3.2067059 0 0.098792016 -0.017101967 -0.1298622 -0.20619377 
Contacts 0

0 3.2076695 0 0.099016773 -0.016576209 -0.12931348 -0.20607426 
Contacts 0

0 3.2086326 0 0.099240991 -0.016050682 -0.1287634 -0.20595279 
Contacts 0

0 3.2095954 0 0.099464669 -0.015525391 -0.12821198 -0.20582937 
Contacts 0

0 3.2105578 0 0.099687811 -0.015000342 -0.12765923 -0.20570399 
Contacts 0

0 3.2115198 0 0.099910415 -0.014475541 -0.12710516 -0.20557666 
Contacts 0

0 3.2124815 0 0.10013248 -0.013950994 -0.12654977 -0.20544737 
Contacts 0

0 3.2134428 0 0.10035402 -0.013426707 -0.12599307 -0.20531612 
Contacts 0

0 3.2144038 0 0.10057501 -0.012902686 -0.12543507 -0.20518293 
Contacts 0

0 3.2153644 0 0.10079548 -0.012378937 -0.12487578 -0.20504778 
Contacts 0

0 3.2163246 0 0.10101541 -0.011855464 -0.12431521 -0.20491069 
Contacts 0

0 3.2172844 0 0.10123481 -0.011332275 -0.12375337 -0.20477165 
Contacts 0

0 3.2182439 0 0.10145368 -0.010809374 -0.12319026 -0.20463066 
Contacts 0

0 3.219203 0 0.10167202 -0.010286768 -0.1226259 -0.20448773 
Contacts 0

0 3.2201618 0 0.10188983 -0.0097644626 -0.12206029 -0.20434286 
Contacts 0

0 3.2211202 0 0.10210712 -0.0092424627 -0.12149344 -0.20419605 
Contacts 0

0 3.2220783 0 0.10232387 -0.0087207744 -0.12092536 -0.2040473 
Contacts 0

0 3.223036 0 0.1025401 -0.0081994032 -0.12035606 -0.20389661 
Contacts 0

0 3.2239933 0 0.10275581 -0.0076783546 -0.11978555 -0.20374398 
Contacts 0

0 3.2249503 0 0.10297099 -0.0071576343 -0.11921383 -0.20358943 
Contacts 0

0 3.2259069 0 0.10318565 -0.0066372477 -0.11864092 -0.20343294 
Contacts 0

0 3.2268632 0 0.10339979 -0.0061172004 -0.11806682 -0.20327452 
Contacts 0

0 3.2278191 0 0.10361341 -0.0055974977 -0.11749155 -0.20311417 
Contacts 0

0 3.2287746 0 0.1038265 -0.0050781452 -0.11691511 -0.2029519 
Contacts 0

0 3.2297298 0 0.10403908 -0.0045591483 -0.1163375 -0.20278771 
Contacts 0

0 3.2306847 0 0.10425114 -0.0040405122 -0.11575875 -0.2026216 
Contacts 0

0 3.2316392 0 0.10446269 -0.0035222424 -0.11517885 -0.20245357 
Contacts 0

0 3.2325933 0 0.10467372 -0.0030043442 -0.11459783 -0.20228362 
Contacts 0

0 3.2335471 0 0.10488423 -0.0024868229 -0.11401567 -0.20211175 
Contacts 0

0 3.2345006 0 0.10509423 -0.0019696837 -0.1134324 -0.20193798 
Contacts 0

0 3.2354537 0 0.10530373 -0.0014529319 -0.11284802 -0.2017623 
Contacts 0

0 3.2364064 0 0.10551271 -0.00093657264 -0.11226255 -0.20158471 
Contacts 0

0 3.2373588 0 0.10572118 -0.00042061112 -0.11167599 -0.20140521 
Contacts 0

0 3.2383109 0 0.10592914 9.49475e-05 -0.11108834 -0.20122382 
Contacts 0

0 3.2392626 0 0.1061366 0.00061009812 -0.11049963 -0.20104052 
Contacts 0

0 3.2402139 0 0.10634355 0.0011248357 -0.10990985 -0.20085533 
Contacts 0

0 3.2411649 0 0.10654999 0.0016391551 -0.10931902 -0.20066824 
Contacts 0

0 3.2421156 0 0.10675594 0.0021530513 -0.10872714 -0.20047927 
Contacts 0

0 3.2430659 0 0.10696138 0.0026665193 -0.10813423 -0.2002884 
Contacts 0

0 3.2440158 0 0.10716632 0.0031795543 -0.10754029 -0.20009565 
Contacts 0

0 3.2449655 0 0.10737076 0.0036921512 -0.10694533 -0.19990102 
Contacts 0

0 3.2459147 0 0.1075747 0.004204305 -0.10634936 -0.19970451 
Contacts 0

0 3.2468637 0 0.10777815 0.0047160111 -0.10575239 -0.19950612 
Contacts 0

0 3.2478123 0 0.1079811 0.0052272644 -0.10515444 -0.19930585 
Contacts 0

0 3.2487605 0 0.10818356 0.0057380603 -0.10455549 -0.19910372 
Contacts 0

0 3.2497084 0 0.10838552 0.0062483938 -0.10395558 -0.19889972 
Contacts 0

0 3.2506559 0 0.108587 0.0067582603 -0.1033547 -0.19869385 
Contacts 0

0 3.2516032 0 0.10878798 0.0072676551 -0.10275287 -0.19848612 
Contacts 0

0 3.25255 0 0.10898848 0.0077765733 -0.10215008 -0.19827653 
Contacts 0

0 3.2534966 0 0.10918849 0.0082850105 -0.10154637 -0.19806509 
Contacts 0

0 3.2544427 0 0.10938801 0.0087929618 -0.10094172 -0.1978518 
Contacts 0

0 3.2553886 0 0.10958705 0.0093004228 -0.10033615 -0.19763666 
Contacts 0

0 3.2563341 0 0.1097856 0.0098073889 -0.099729669 -0.19741967 
Contacts 0

0 3.2572793 0 0.10998367 0.010313856 -0.099122288 -0.19720084 
Contacts 0

0 3.2582241 0 0.11018127 0.010819818 -0.098514014 -0.19698017 
Contacts 0

0 3.2591686 0 0.11037838 0.011325272 -0.097904855 -0.19675767 
Contacts 0

0 3.2601127 0 0.11057502 0.011830214 -0.097294822 -0.19653334 
Contacts 0

0 3.2610565 0 0.11077118 0.012334637 -0.096683922 -0.19630718 
Contacts 0

0 3.262 0 0.11096687 0.01283854 -0.096072164 -0.19607919 
Contacts 0

0 3.2629431 0 0.11116209 0.013341916 -0.095459558 -0.19584939 
Contacts 0

0 3.2638859 0 0.11135683 0.013844762 -0.094846113 -0.19561776 
Contacts 0

0 3.2648283 0 0.11155111 0.014347073 -0.094231837 -0.19538433 
Contacts 0

0 3.2657704 0 0.11174492 0.014848845 -0.09361674 -0.19514908 
Contacts 0

0 3.2667122 0 0.11193826 0.015350074 -0.093000829 -0.19491203 
Contacts 0

0 3.2676536 0 0.11213113 0.015850755 -0.092384115 -0.19467318 
Contacts 0

0 3.2685947 0 0.11232354 0.016350885 -0.091766606 -0.19443254 
Contacts 0

0 3.2695354 0 0.11251549 0.01685046 -0.091148311 -0.19419009 
Contacts 0

0 3.2704758 0 0.11270698 0.017349474 -0.090529239 -0.19394586 
Contacts 0

0 3.2714159 0 0.11289801 0.017847925 -0.089909399 -0.19369984 
Contacts 0

0 3.2723556 0 0.11308859 0.018345808 -0.089288799 -0.19345204 
Contacts 0

0 3.273295 0 0.1132787 0.018843119 -0.088667449 -0.19320247 
Contacts 0

0 3.2742341 0 0.11346837 0.019339854 -0.088045357 -0.19295112 
Contacts 0

0 3.2751728 0 0.11365758 0.01983601 -0.087422533 -0.192698 
Contacts 0

0 3.2761111 0 0.11384634 0.020331581 -0.086798986 -0.19244311 
Contacts 0

0 3.2770492 0 0.11403465 0.020826565 -0.086174723 -0.19218647 
Contacts 0

0 3.2779869 0 0.11422251 0.021320958 -0.085549754 -0.19192806 
Contacts 0

0 3.2789242 0 0.11440993 0.021814755 -0.084924088 -0.19166791 
Contacts 0

0 3.2798612 0 0.11459691 0.022307953 -0.084297734 -0.19140601 
Contacts 0

0 3.2807979 0 0.11478344 0.022800549 -0.0836707 -0.19114236 
Contacts 0

0 3.2817342 0 0.11496953 0.023292538 -0.083042996 -0.19087697 
Contacts 0

0 3.2826702 0 0.11515518 0.023783916 -0.08241463 -0.19060986 
Contacts 0

0 3.2836059 0 0.11534039 0.024274681 -0.08178561 -0.19034101 
Contacts 0

0 3.2845412 0 0.11552517 0.024764828 -0.081155947 -0.19007043 
Contacts 0

0 3.2854762 0 0.11570951 0.025254354 -0.080525648 -0.18979813 
Contacts 0

0 3.2864108 0 0.11589342 0.025743256 -0.079894723 -0.18952412 
Contacts 0

0 3.2873451 0 0.1160769 0.026231529 -0.07926318 -0.1892484 
Contacts 0

0 3.2882791 0 0.11625995 0.02671917 -0.078631027 -0.18897097 
Contacts 0

0 3.2892127 0 0.11644257 0.027206177 -0.077998275 -0.18869183 
Contacts 0

0 3.2901459 0 0.11662477 0.027692544 -0.07736493 -0.188411 
Contacts 0

0 3.2910789 0 0.11680654 0.02817827 -0.076731003 -0.18812848 
Contacts 0

0 3.2920115 0 0.11698789 0.02866335 -0.076096502 -0.18784426 
Contacts 0

0 3.2929437 0 0.11716882 0.029147782 -0.075461436 -0.18755837 
Contacts 0

0 3.2938756 0 0.11734933 0.029631561 -0.074825812 -0.1872708 
Contacts 0

0 3.2948072 0 0.11752942 0.030114685 -0.074189641 -0.18698155 
Contacts 0

0 3.2957384 0 0.1177091 0.030597151 -0.07355293 -0.18669063 
Contacts 0

0 3.2966693 0 0.11788836 0.031078955 -0.072915689 -0.18639805 
Contacts 0

0 3.2975998 0 0.11806721 0.031560094 -0.072277925 -0.18610382 
Contacts 0

0 3.29853 0 0.11824565 0.032040564 -0.071639649 -0.18580793 
Contacts 0

0 3.2994598 0 0.11842369 0.032520364 -0.071000867 -0.18551039 
Contacts 0

0 3.3003893 0 0.11860131 0.032999489 -0.070361589 -0.18521121 
Contacts 0

0 3.3013185 0 0.11877854 0.033477937 -0.069721824 -0.18491039 
Contacts 0

0 3.3022473 0 0.11895536 0.033955704 -0.069081579 -0.18460793 
Contacts 0

0 3.3031757 0 0.11913177 0.034432788 -0.068440865 -0.18430385 
Contacts 0

0 3.3041038 0 0.11930779 0.034909185 -0.067799688 -0.18399815 
Contacts 0

0 3.3050316 0 0.11948341 0.035384894 -0.067158058 -0.18369083 
Contacts 0

0 3.305959 0 0.11965863 0.03585991 -0.066515983 -0.1833819 
Contacts 0

0 3.3068861 0 0.11983346 0.036334231 -0.065873472 -0.18307136 
Contacts 0

0 3.3078128 0 0.1200079 0.036807854 -0.065230533 -0.18275922 
Contacts 0

0 3.3087391 0 0.12018195 0.037280776 -0.064587174 -0.18244549 
Contacts 0

0 3.3096652 0 0.12035561 0.037752995 -0.063943405 -0.18213017 
Contacts 0

0 3.3105908 0 0.12052888 0.038224508 -0.063299233 -0.18181326 
Contacts 0

0 3.3115161 0 0.12070177 0.038695312 -0.062654667 -0.18149477 
Contacts 0

0 3.3124411 0 0.12087427 0.039165404 -0.062009715 -0.1811747 
Contacts 0

0 3.3133657 0 0.12104639 0.039634782 -0.061364386 -0.18085307 
Contacts 0

0 3.31429 0 0.12121813 0.040103443 -0.060718688 -0.18052988 
Contacts 0

0 3.3152139 0 0.1213895 0.040571385 -0.06007263 -0.18020513 
Contacts 0

0 3.3161374 0 0.12156049 0.041038604 -0.059426219 -0.17987883 
Contacts 0

0 3.3170606 0 0.1217311 0.0415051 -0.058779464 -0.17955098 
Contacts 0

0 3.3179834 0 0.12190134 0.041970868 -0.058132374 -0.17922159 
Contacts 0

0 3.3189059 0 0.12207121 0.042435906 -0.057484956 -0.17889067 
Contacts 0

0 3.319828 0 0.12224071 0.042900213 -0.056837219 -0.17855821 
Contacts 0

0 3.3207498 0 0.12240985 0.043363786 -0.056189171 -0.17822424 
Contacts 0

0 3.3216712 0 0.12257862 0.043826622 -0.055540821 -0.17788875 
Contacts 0

0 3.3225923 0 0.12274703 0.044288719 -0.054892176 -0.17755174 
Contacts 0

0 3.3235129 0 0.12291508 0.044750074 -0.054243245 -0.17721324 
Contacts 0

0 3.3244333 0 0.12308276 0.045210686 -0.053594035 -0.17687323 
Contacts 0

0 3.3253532 0 0.12325009 0.045670552 -0.052944556 -0.17653172 
Contacts 0

0 3.3262728 0 0.12341707 0.046129671 -0.052294814 -0.17618873 
Contacts 0

0 3.327192 0 0.12358369 0.046588039 -0.051644819 -0.17584426 
Contacts 0

0 3.3281109 0 0.12374995 0.047045654 -0.050994578 -0.17549831 
Contacts 0

0 3.3290294 0 0.12391587 0.047502515 -0.050344099 -0.17515089 
Contacts 0

0 3.3299476 0 0.12408144 0.04795862 -0.049693391 -0.17480201 
Contacts 0

0 3.3308653 0 0.12424666 0.048413966 -0.049042461 -0.17445167 
Contacts 0

0 3.3317827 0 0.12441154 0.048868551 -0.048391317 -0.17409988 
Contacts 0

0 3.3326997 0 0.12457608 0.049322374 -0.047739967 -0.17374664 
Contacts 0

0 3.3336164 0 0.12474027 0.049775432 -0.047088419 -0.17339196 
Contacts 0

0 3.3345327 0 0.12490413 0.050227724 -0.046436682 -0.17303585 
Contacts 0

0 3.3354486 0 0.12506765 0.050679247 -0.045784762 -0.17267831 
Contacts 0

0 3.3363642 0 0.12523083 0.051129999 -0.045132669 -0.17231935 
Contacts 0

0 3.3372793 0 0.12539368 0.05157998 -0.044480408 -0.17195897 
Contacts 0

0 3.3381941 0 0.1255562 0.052029186 -0.04382799 -0.17159719 
Contacts 0

0 3.3391085 0 0.12571839 0.052477617 -0.04317542 -0.171234 
Contacts 0

0 3.3400226 0 0.12588025 0.05292527 -0.042522708 -0.17086941 
Contacts 0

0 3.3409362 0 0.12604178 0.053372144 -0.04186986 -0.17050344 
Contacts 0

0 3.3418495 0 0.126203 0.053818237 -0.041216885 -0.17013608 
Contacts 0

0 3.3427624 0 0.12636388 0.054263547 -0.04056379 -0.16976734 
Contacts 0

0 3.3436749 0 0.12652445 0.054708073 -0.039910583 -0.16939723 
Contacts 0

0 3.3445871 0 0.1266847 0.055151813 -0.039257271 -0.16902576 
Contacts 0

0 3.3454988 0 0.12684464 0.055594765 -0.038603863 -0.16865293 
Contacts 0

0 3.3464102 0 0.12700425 0.056036929 -0.037950365 -0.16827874 
Contacts 0

0 3.3473211 0 0.12716356 0.056478301 -0.037296785 -0.16790321 
Contacts 0

0 3.3482317 0 0.12732255 0.056918882 -0.036643131 -0.16752634 
Contacts 0

0 3.3491419 0 0.12748124 0.057358669 -0.035989411 -0.16714814 
Contacts 0

0 3.3500517 0 0.12763962 0.057797662 -0.035335631 -0.16676861 
Contacts 0

0 3.3509612 0 0.12779769 0.058235857 -0.034681799 -0.16638776 
Contacts 0

0 3.3518702 0 0.12795546 0.058673256 -0.034027923 -0.1660056 
Contacts 0

0 3.3527788 0 0.12811293 0.059109854 -0.03337401 -0.16562213 
Contacts 0

0 3.3536871 0 0.12827009 0.059545653 -0.032720068 -0.16523736 
Contacts 0

0 3.3545949 0 0.12842696 0.05998065 -0.032066103 -0.16485129 
Contacts 0

0 3.3555023 0 0.12858353 0.060414844 -0.031412124 -0.16446394 
Contacts 0

0 3.3564094 0 0.12873981 0.060848233 -0.030758137 -0.1640753 
Contacts 0

0 3.357316 0 0.1288958 0.061280817 -0.03010415 -0.16368539 
Contacts 0

0 3.3582223 0 0.12905149 0.061712595 -0.029450169 -0.16329421 
Contacts 0

0 3.3591281 0 0.1292069 0.062143564 -0.028796203 -0.16290178 
Contacts 0

0 3.3600335 0 0.12936202 0.062573725 -0.028142258 -0.16250808 
Contacts 0

